LNR0:	10
401.0	8
1.0	15
95.0	13
1455.0	21
907.0	8
221.0	14
65.0	13
17114.0	11
4963.0	12
1.0	10
592.0	10
2172.0	10
5574.0	11
0.0	14
364.0	15
2411.0	12
119.0	14
741.0	11
371.0	12
754.0	15
317.0	7
14864.0	19
181.0	18
115.0	17
3.0	11
628.0	13
10067.0	21
331.0	10
9159.0	8
841.0	8
427.0	10
3786.0	9
34.0	11
358.0	7
10.0	12
2888.0	11
962.0	11
228.0	10
736.0	10
28.0	12
389.0	11
509.0	13
174.0	10
851.0	14
13.0	15
1129.0	14
187.0	12
221.0	18
9183.0	10
7195.0	10
2151.0	11
446.0	15
3427.0	15
450.0	10
128.0	18
221.0	10
5619.0	11
3305.0	10
441.0	15
2603.0	12
2454.0	7
0.0	13
2200.0	15
4640.0	13
2912.0	17
2628.0	8
701.0	8
522.0	13
272.0	16
3460.0	13
17701.0	10
2446.0	10
8886.0	12
52.0	10
2754.0	17
1801.0	10
528.0	15
943.0	17
1334.0	12
553.0	11
393.0	8
1391.0	15
655.0	7
0.0	13
4042.0	10
211.0	11
0.0	10
342.0	9
31.0	9
0.0	10
159.0	15
2708.0	12
0.0	10
305.0	11
804.0	14
520.0	8
1039.0	10
7716.0	8
3453.0	11
1882.0	10
315.0	11
1399.0	11
2089.0	11
60.0	12
189.0	11
371.0	13
106.0	11
0.0	7
54.0	12
12.0	10
6673.0	9
1747.0	11
573.0	12
2598.0	18
712.0	8
307.0	10
5889.0	10
1198.0	13
1330.0	14
80.0	17
1180.0	10
5706.0	15
10841.0	11
14956.0	11
1126.0	11
1558.0	9
404.0	12
12117.0	15
794.0	11
157.0	11
3874.0	10
283.0	10
9534.0	16
1896.0	14
153.0	16
1118.0	10
9.0	10
13054.0	10
26.0	21
1114.0	9
1339.0	8
110.0	14
2509.0	13
3704.0	13
3369.0	19
820.0	10
346.0	9
1964.0	14
4920.0	14
16.0	10
977.0	8
19.0	18
5659.0	12
309.0	16
2523.0	10
289.0	13
1772.0	10
7633.0	10
16.0	9
677.0	8
5648.0	8
6182.0	11
13412.0	14
4.0	11
604.0	10
2225.0	10
689.0	11
229.0	14
1271.0	17
2136.0	20
0.0	15
286.0	9
1732.0	10
3001.0	14
24.0	11
706.0	10
838.0	13
270.0	14
2.0	15
0.0	10
188.0	10
964.0	11
2962.0	10
271.0	10
2288.0	8
188.0	8
1216.0	11
2.0	10
2.0	12
47.0	8
814.0	10
18.0	11
1369.0	16
3054.0	14
50.0	21
852.0	10
1358.0	11
161.0	15
745.0	11
124.0	8
167.0	11
384.0	15
7032.0	14
369.0	13
4856.0	13
297.0	8
294.0	14
0.0	12
737.0	14
0.0	12
911.0	13
1293.0	11
2712.0	20
5961.0	12
172.0	12
2.0	10
2146.0	14
288.0	8
7601.0	16
7051.0	17
146.0	11
5.0	7
3.0	10
196.0	8
8.0	8
823.0	15
1224.0	21
2269.0	14
526.0	14
43.0	10
10617.0	8
76.0	16
63.0	8
683.0	12
17.0	6
15.0	18
2099.0	11
921.0	12
434.0	11
798.0	13
102.0	16
890.0	17
68.0	11
568.0	11
9926.0	12
368.0	12
59.0	10
1100.0	11
2.0	8
7825.0	10
233.0	10
5595.0	15
790.0	10
708.0	10
16.0	10
2114.0	11
6609.0	12
315.0	8
1911.0	11
32.0	8
1231.0	10
1601.0	15
6450.0	12
1657.0	17
98.0	10
14439.0	10
229.0	10
84.0	12
2138.0	8
3243.0	10
1393.0	11
326.0	12
1785.0	10
2428.0	10
265.0	8
791.0	8
187.0	12
2.0	9
706.0	14
3392.0	13
152.0	8
84.0	15
200.0	15
79.0	10
140.0	12
57.0	16
1.0	11
8236.0	8
114.0	11
150.0	10
1654.0	11
6955.0	10
814.0	10
0.0	14
6.0	20
4.0	12
3080.0	10
51.0	10
869.0	16
21.0	13
4726.0	10
207.0	12
83.0	7
0.0	7
0.0	10
679.0	18
5125.0	8
662.0	10
307.0	10
37.0	10
2812.0	10
1014.0	12
403.0	10
181.0	10
542.0	12
3963.0	16
3654.0	8
2342.0	12
1141.0	7
0.0	14
36.0	11
328.0	10
682.0	15
233.0	10
2197.0	14
826.0	10
579.0	12
4568.0	10
7711.0	10
41.0	8
2369.0	10
535.0	13
591.0	16
3.0	10
7715.0	11
555.0	8
588.0	10
16953.0	13
221.0	14
288.0	12
84.0	10
348.0	14
1454.0	13
2577.0	10
8462.0	10
3995.0	8
2.0	11
1139.0	11
9860.0	10
605.0	10
1850.0	11
1612.0	11
131.0	11
1253.0	11
4969.0	11
54.0	8
7487.0	13
3324.0	11
295.0	8
12.0	12
765.0	11
1684.0	8
4269.0	8
93.0	10
3318.0	10
14583.0	10
11717.0	10
72.0	10
254.0	8
71.0	10
123.0	10
1309.0	10
72.0	16
4.0	7
12.0	10
2335.0	10
318.0	14
62.0	14
211.0	18
6.0	11
360.0	10
2997.0	10
434.0	9
37564.0	12
656.0	10
4812.0	12
153.0	6
0.0	10
2.0	8
33.0	13
178.0	11
482.0	14
6313.0	17
17397.0	11
311.0	9
2950.0	14
1965.0	21
2072.0	12
941.0	12
289.0	8
3555.0	13
3187.0	12
9.0	17
8912.0	8
3457.0	9
9039.0	15
346.0	9
18	9
23	9
1	11
118	13
58	9
147	19
8	10
71	19
22	13
162	9
67	16
80	11
148	10
18	22
100	12
131	13
198	20
72	14
124	22
46	17
75	16
69	11
104	14
79	13
50	13
5	9
165	19
109	22
9	10
71	11
50	11
14	18
242	22
130	7
1	11
38	13
96	8
2	11
174	11
94	12
166	12
2	18
11	10
5	16
95	20
70	19
109	10
5	11
362	20
13	17
41	14
3	18
4	13
189	11
14	13
190	20
40	13
2	19
7	13
19	12
4	9
251	18
93	22
49	19
193	13
44	13
27	14
36	19
116	11
57	24
29	10
27	8
1	19
146	12
101	11
5	13
68	18
117	9
0	10
46	8
11	9
245	10
12	13
78	15
257	19
94	11
3	7
1	10
61	9
55	12
179	12
89	11
127	12
132	10
4	12
171	13
104	19
88	19
76	20
70	22
21	9
18	24
333	25
2.0	17
2.0	17
50.0	12
0.0	12
23.0	12
26.0	27
54.0	12
67.0	12
0.0	12
31.0	10
34.0	22
38.0	12
35.0	12
0.0	11
5.0	20
10.0	15
1.0	12
4.0	17
15.0	14
0.0	17
0.0	8
51.0	15
365.0	13
214.0	15
283.0	11
0.0	18
890.0	10
397.0	16
291.0	11
261.0	13
289.0	10
264.0	12
341.0	11
218.0	10
248.0	12
254.0	12
304.0	10
259.0	10
260.0	13
300.0	10
251.0	12
358.0	13
264.0	10
212.0	10
401.0	10
266.0	15
288.0	15
313.0	15
473.0	18
237.0	18
