ID	EN1
XX
P0	A	C	G	T
0	4	1	2	3
1	5	2	2	1
2	3	0	7	0
3	0	0	2	8
4	4	0	3	3
5	3	0	7	0
6	3	0	0	7
7	2	1	4	3
8	1	3	3	3
9	1	4	1	4
10	1	6	1	2
XX
//
ID	PAX4
XX
P0	A	C	G	T
0	7	2	11	1
1	20	0	1	0
2	16	2	1	2
3	11	1	1	8
4	13	1	3	4
5	11	3	1	6
6	6	1	2	12
7	9	1	1	10
8	5	3	6	7
9	5	11	1	4
10	6	11	4	0
11	7	7	5	2
12	8	7	2	4
13	6	5	1	9
14	10	5	4	2
15	4	8	4	5
16	3	6	4	8
17	7	8	3	3
18	4	9	3	5
19	9	6	2	4
20	5	7	5	4
21	5	6	2	8
22	7	11	0	3
23	6	9	1	5
24	3	12	2	4
25	7	9	2	3
26	3	12	2	4
27	1	11	3	6
28	6	11	1	3
29	3	13	2	3
XX
//
ID	HNF1B
XX
P0	A	C	G	T
0	0	3	0	6
1	0	3	0	6
2	8	1	0	0
3	7	1	1	0
4	0	0	0	9
5	5	0	4	0
6	3	0	1	5
7	0	0	1	8
8	0	0	0	9
9	8	0	1	0
10	9	0	0	0
11	0	8	0	1
XX
//
ID	HOXA5
XX
P0	A	C	G	T
0	2	13	0	0
1	7	0	5	4
2	0	7	5	4
3	6	0	1	9
4	14	0	0	2
5	14	0	2	0
6	0	0	0	16
7	0	1	6	9
XX
//
ID	NR2E3
XX
P0	A	C	G	T
0	4	12	2	5
1	23	0	0	0
2	23	0	0	0
3	0	1	22	0
4	0	23	0	0
5	0	0	0	23
6	0	0	0	23
XX
//
ID	ARID5A
XX
P0	A	C	G	T
0	18	43	23	17
1	16	32	3	48
2	85	3	7	5
3	96	0	1	2
4	6	0	1	93
5	93	1	1	6
6	2	1	1	96
7	4	9	4	83
8	23	3	52	22
9	34	35	18	12
10	29	13	27	31
11	57	8	19	16
12	29	18	26	27
13	34	23	15	27
XX
//
ID	RHOX11
XX
P0	A	C	G	T
0	54	13	15	18
1	33	28	23	17
2	17	11	38	33
3	30	28	23	19
4	13	56	6	25
5	3	1	95	1
6	9	76	15	0
7	1	0	1	99
8	4	0	94	2
9	1	1	0	99
10	56	0	0	43
11	78	4	3	15
12	52	10	1	36
13	31	11	33	24
14	24	36	28	12
15	31	16	43	10
16	41	13	10	35
XX
//
ID	HOXA11
XX
P0	A	C	G	T
0	178	108	307	111
1	296	255	704	3
2	1	28	16	704
3	30	704	0	36
4	250	2	704	7
5	14	1	3	704
6	489	3	13	215
7	704	0	2	31
8	704	27	3	40
9	704	159	117	197
10	179	164	150	211
11	139	110	112	343
XX
//
ID	PRDM15
XX
P0	A	C	G	T
0	638	486	560	553
1	624	329	920	364
2	252	325	1333	327
3	2011	60	135	31
4	2121	34	58	24
5	1942	47	200	48
6	1801	138	152	146
7	67	1941	101	128
8	222	1886	107	22
9	220	361	28	1628
10	19	7	2199	12
11	64	23	2126	24
12	1531	314	220	172
13	687	438	748	364
14	540	635	460	602
XX
//
ID	FOXN1
XX
P0	A	C	G	T
0	1464	0	2558	1213
1	0	0	5235	0
2	5235	0	0	0
3	2287	2948	0	0
4	0	0	5235	0
5	0	5235	0	0
XX
//
ID	PRDM5
XX
P0	A	C	G	T
0	132	362	95	151
1	105	162	177	296
2	36	60	580	64
3	59	86	50	545
4	18	43	37	642
5	20	677	13	30
6	39	31	20	650
7	16	677	30	17
8	22	685	18	15
9	575	81	40	44
10	18	59	128	535
11	43	518	86	93
12	88	145	67	440
13	157	208	205	170
14	144	230	211	155
XX
//
ID	AIRE
XX
P0	A	C	G	T
0	16	11	5	9
1	8	8	6	19
2	6	6	8	21
3	2	0	36	3
4	0	0	33	8
5	13	2	1	25
6	16	4	1	20
7	15	6	6	14
8	14	3	6	18
9	21	4	6	10
10	16	2	3	20
11	9	6	3	23
12	0	1	36	4
13	0	0	40	1
14	9	4	10	18
15	3	8	8	22
16	18	1	7	15
17	17	11	4	9
XX
//
ID	ARID5B
XX
P0	A	C	G	T
0	3	2	5	5
1	2	4	6	3
2	0	4	3	8
3	0	2	5	8
4	5	1	5	4
5	3	1	10	1
6	0	0	0	15
7	13	0	2	0
8	0	2	0	13
9	0	1	1	13
10	2	4	8	1
11	2	1	4	8
12	4	2	6	3
XX
//
ID	CUX1
XX
P0	A	C	G	T
0	45	14	31	7
1	12	20	36	29
2	30	14	50	3
3	19	24	44	10
4	15	28	31	23
5	26	7	34	30
6	92	1	3	1
7	1	2	0	94
8	0	66	4	27
9	13	4	74	6
10	67	0	26	4
11	1	2	0	94
12	7	25	49	16
13	12	18	38	29
XX
//
ID	GRHL2
XX
P0	A	C	G	T
0	346	9	96	49
1	326	2	89	83
2	0	493	7	0
3	65	355	2	78
4	113	9	152	226
5	0	2	498	0
6	16	103	0	381
7	14	176	10	300
8	32	113	28	327
9	58	24	186	232
10	131	29	149	191
11	0	459	4	37
XX
//
ID	HINFP
XX
P0	A	C	G	T
0	14	3	16	9
1	14	16	6	6
2	2	17	20	3
3	8	15	7	12
4	10	10	3	19
5	20	13	7	2
6	7	5	24	6
7	3	39	0	0
8	0	0	42	0
9	2	1	39	0
10	41	1	0	0
11	0	40	2	0
12	0	3	36	3
13	1	0	0	41
14	8	1	5	28
15	16	11	11	4
XX
//
ID	NFIA
XX
P0	A	C	G	T
0	34	50	25	124
1	8	7	16	202
2	11	2	204	16
3	15	7	199	12
4	26	168	27	12
5	97	58	29	49
6	50	76	49	58
7	86	0	147	0
8	54	51	80	48
9	70	30	25	108
10	18	16	171	28
11	14	189	15	15
12	13	195	13	12
13	182	15	16	20
14	102	21	83	27
XX
//
ID	NKX6-1
XX
P0	A	C	G	T
0	306	66	62	64
1	91	119	80	208
2	136	30	36	296
3	287	39	105	67
4	465	6	14	13
5	27	12	60	399
6	29	38	250	181
7	112	31	216	139
8	80	149	200	69
9	172	132	60	134
10	206	26	34	232
11	147	26	35	290
12	113	25	20	340
13	51	42	21	384
14	300	66	113	19
15	476	9	5	8
16	58	9	44	387
17	93	14	183	208
18	215	44	185	54
XX
//
ID	PRDM9
XX
P0	A	C	G	T
0	251	101	56	82
1	303	48	98	41
2	137	72	171	110
3	254	33	121	82
4	136	31	137	186
5	52	3	401	34
6	104	7	368	11
7	15	270	2	203
8	424	0	60	6
9	39	1	446	4
10	11	243	8	228
11	446	6	33	5
12	91	117	240	42
13	3	486	0	1
14	300	29	2	159
15	28	160	122	180
16	20	430	15	25
17	129	59	22	280
18	46	122	190	132
XX
//
ID	ZNF322
XX
P0	A	C	G	T
0	37	52	296	28
1	208	35	71	99
2	23	23	303	64
3	68	260	13	72
4	12	390	1	10
5	23	35	16	339
6	98	14	283	18
7	33	164	175	41
8	35	50	42	286
9	292	83	17	21
10	3	402	4	4
11	169	36	72	136
12	10	151	232	20
13	193	38	42	140
14	16	12	363	22
15	18	331	32	32
16	56	304	17	36
17	52	42	71	248
18	34	56	263	60
19	126	76	160	51
XX
//
ID	TBXT:TBXT
XX
P0	A	C	G	T
0	154	134	168	414
1	76	60	96	638
2	34	32	300	504
3	244	158	124	344
4	184	306	298	82
5	24	738	34	74
6	654	52	36	128
7	94	302	142	332
8	338	208	88	236
9	246	86	120	418
10	222	100	444	104
11	176	148	168	378
12	40	438	342	50
13	14	16	2	838
14	12	42	798	18
15	64	80	20	706
16	20	372	350	128
17	684	36	34	116
18	608	76	122	64
19	174	90	92	514
20	30	112	144	584
21	110	336	96	328
22	324	208	180	158
23	74	134	136	526
24	96	146	408	220
XX
//
ID	TEAD4:TEAD1:TEAD2
XX
P0	A	C	G	T
0	364	323	247	374
1	344	331	260	373
2	767	8	489	44
3	286	946	46	30
4	1278	11	9	10
5	2	12	9	1285
6	85	6	41	1176
7	0	1261	20	27
8	4	1154	3	147
9	612	58	48	590
10	200	144	820	144
11	203	271	713	121
12	297	465	384	160
13	537	214	233	322
14	273	238	232	563
15	374	227	271	434
16	299	361	248	398
XX
//
ID	PITX1:OTX2:DMBX1:CRX
XX
P0	A	C	G	T
0	2518	1669	1666	2519
1	2512	1673	1674	2512
2	2509	1684	1682	2497
3	2075	1952	1950	2397
4	1621	2360	1117	2950
5	268	57	26	7883
6	7926	179	243	115
7	7989	12	32	32
8	120	101	557	7867
9	293	7901	84	270
10	202	7757	295	709
11	1515	2877	1180	2478
12	2127	2268	1712	2268
13	2418	1697	1612	2645
14	2411	1715	1634	2612
15	2577	1675	1636	2484
16	2523	1666	1667	2516
XX
//
ID	HSF1:HSF2
XX
P0	A	C	G	T
0	394	341	291	514
1	656	284	492	108
2	74	87	1292	87
3	1250	87	130	73
4	1176	73	135	156
5	270	369	416	485
6	423	314	613	190
7	143	74	100	1223
8	95	59	132	1254
9	48	1322	128	42
10	76	302	189	973
11	936	189	343	72
12	18	124	1339	59
13	1213	73	137	117
14	980	192	195	173
XX
//
ID	MBD2:MECP2
XX
P0	A	C	G	T
0	52	67	67	41
1	42	66	74	45
2	35	51	106	35
3	5	70	99	56
4	0	230	0	0
5	0	230	0	0
6	0	0	230	0
7	0	0	230	0
8	127	40	62	1
9	64	13	131	22
10	71	37	76	43
XX
//
ID	CBFB:BCL11B:RUNX1:RUNX2:RUNX3
XX
P0	A	C	G	T
0	10322	8822	10664	13003
1	8730	10105	11028	12948
2	5886	17062	8295	11571
3	5650	8777	3769	24618
4	1178	1263	1414	38959
5	874	1306	38853	1781
6	1445	1046	1024	39299
7	845	417	40478	1074
8	868	809	39647	1490
9	616	2198	1726	38274
10	3160	3761	2495	33398
11	7062	3922	5542	26288
12	9083	10503	9935	13293
13	10301	9788	9342	13380
XX
//
ID	HIC1:NFIB:NFIC
XX
P0	A	C	G	T
0	3779	2626	2706	3859
1	6503	1175	4944	770
2	378	426	131	11629
3	951	594	11972	211
4	56	11998	122	2
5	91	12004	31	68
6	9985	2022	3	317
7	6677	1987	2727	616
8	1480	11191	2156	1517
9	1999	5005	2080	2924
XX
//
ID	RELB:REL:NFKB1:NFKB2:RELA
XX
P0	A	C	G	T
0	372	247	256	367
1	84	54	785	321
2	29	25	1155	35
3	23	9	1077	135
4	595	96	492	61
5	465	433	180	166
6	43	51	18	1132
7	10	81	55	1098
8	29	411	13	791
9	27	1148	9	60
10	20	1156	4	64
11	228	788	69	157
12	350	266	219	405
13	376	233	237	394
14	332	298	242	368
15	381	258	227	374
XX
//
ID	MECOM:GATA1::TAL1:TAL1:GATA2:GATA3:GATA6:GATA4:GATA1
XX
P0	A	C	G	T
0	14435	10917	10037	14645
1	14274	9860	9905	15995
2	14118	9522	11565	14831
3	14288	10200	10761	14788
4	14736	10085	10240	14976
5	14809	10114	10357	14757
6	14772	10172	10419	14675
7	14835	10117	10343	14744
8	14755	10234	10696	14356
9	20193	6330	13896	9622
10	10361	16091	15405	8184
11	41256	685	954	7148
12	489	265	48989	299
13	49000	309	291	443
14	839	603	686	47913
15	47054	995	800	1190
16	46473	360	2254	952
17	5735	3741	39293	1267
18	27474	6588	12496	3480
19	19687	7581	11408	11360
20	15081	11373	9738	13845
21	15026	10002	10006	15003
22	15009	10009	10009	15010
23	15018	10008	10005	15006
XX
//
ID	OVOL1:OVOL2
XX
P0	A	C	G	T
0	59	40	41	63
1	83	34	49	38
2	0	0	1	203
3	204	0	0	0
4	195	1	8	0
5	1	203	0	0
6	1	0	199	4
7	1	0	203	0
8	74	15	41	74
XX
//
ID	BATF:FOS::JUN(MA0099.2):MAFF:MAFG:BACH1::MAFK:MAFK:BACH2:BACH1:NFE2L2:NFE2:FOSB:ATF3(MA1988.1):JUN(MA0489.2):JUNB:JUND:FOSL2:FOS:FOSL1
XX
P0	A	C	G	T
0	52597	34964	35077	52524
1	52484	35063	35131	52484
2	52443	34969	35010	52740
3	52499	35072	34956	52633
4	52495	35027	34922	52716
5	52482	35315	34857	52505
6	51941	35294	37233	50697
7	51940	33769	33629	55827
8	41529	30038	59479	44122
9	65286	45846	48011	16025
10	2424	2439	1478	168829
11	3051	2408	162043	7668
12	166627	2347	3534	2662
13	7201	136652	23786	7531
14	6500	1884	2749	164037
15	10213	158761	2569	3627
16	165803	2763	3121	3483
17	13698	28995	48322	84153
18	40163	61189	33797	40019
19	55786	38249	35616	45515
20	51402	35206	37626	50927
21	52529	34904	34918	52806
22	52513	34912	34819	52913
23	52471	35049	34886	52751
24	52460	35096	34951	52650
XX
//
ID	TFCP2L1:TP53:TP63:TP73
XX
P0	A	C	G	T
0	1722	1026	1360	1470
1	1648	912	1564	1454
2	1959	865	1398	1356
3	51	5161	282	75
4	1433	3425	115	601
5	2901	46	1248	1385
6	38	112	5409	22
7	796	2174	121	2490
8	590	2130	355	2507
9	819	2735	762	1269
10	2294	1129	1275	891
11	2866	390	1769	565
12	2225	241	1985	1137
13	29	5244	264	45
14	1153	3523	42	860
15	2452	143	1490	1486
16	122	167	5229	45
17	1361	1576	906	1735
18	1511	1595	943	1529
19	1525	1397	1067	1589
XX
//
ID	DUX:PHOX2B:PROP1
XX
P0	A	C	G	T
0	8989	6601	6391	9238
1	4524	1801	886	25640
2	23907	288	5599	1209
3	26889	37	71	21
4	1843	9347	972	26716
5	1001	11330	5470	15460
6	3543	11573	2976	14117
7	26665	1218	4351	654
8	26812	259	433	132
9	9	15	3	26908
10	1563	4065	60	23932
11	26502	262	1147	3231
12	9189	6826	6253	8951
13	9331	6181	6038	9669
14	9214	6305	6334	9366
15	9400	6294	6173	9352
XX
//
ID	FEV:ETS2:ETV4:ETV6:ELK4:ELF5:SPI1:SPIB:IKZF3:ERG:ETS1:ETV2:FLI1:ELK1:GABPA:ELF1:ELF2:EHF:ELF3
XX
P0	A	C	G	T
0	65849	31691	43927	44878
1	61771	31222	53705	39651
2	92308	23154	41956	28939
3	114110	19104	32157	20988
4	114567	16518	33635	21641
5	40880	48746	90007	6728
6	160910	8935	12723	3793
7	5059	887	178529	1888
8	2967	1641	180062	1693
9	180939	2122	1795	1509
10	176166	1776	2763	5660
11	16763	9784	157394	2423
12	25303	12359	13714	134987
13	29451	18965	119979	17966
14	46852	28379	84349	26779
15	61513	35714	47626	41503
16	61781	33263	42550	48760
17	55876	37329	37311	55834
XX
//
ID	TAF1:YY1:ZFP42
XX
P0	A	C	G	T
0	14187	8549	9133	12479
1	13097	11761	8790	10700
2	3417	33390	3940	3601
3	42265	945	507	631
4	40446	1494	1437	971
5	31224	2631	9078	1415
6	42432	780	747	389
7	846	264	762	42476
8	638	177	43164	369
9	1629	987	40516	1216
10	10616	22478	4883	6371
11	9973	7416	14370	12589
12	13118	8809	9329	13090
13	13175	9307	8747	13117
14	13138	9031	8992	13185
15	13222	8879	9039	13206
XX
//
ID	FOXO4:FOXF1:FOXL2:FOXA3:FOXA2:FOXA1:FOXJ3:FOXK1:FOXJ2:FOXC1:FOXQ1:FOXP2:FOXO3:FOXO1:FOXD3:FOXM1
XX
P0	A	C	G	T
0	36492	24347	24364	36487
1	36489	24347	24347	36509
2	35069	25271	25479	35874
3	28173	28724	26405	38394
4	26471	28735	26240	40257
5	4508	1397	2485	113314
6	9763	1445	109059	1439
7	1890	2556	1618	115641
8	3663	1806	4510	111728
9	1816	1398	4392	114102
10	110576	4235	2418	4477
11	5718	83440	5277	27271
12	54325	19485	13285	34609
13	26274	25334	22163	47929
14	39966	21805	21875	38047
15	36507	24060	24355	36771
16	35005	25523	23990	37171
17	36536	24382	24298	36481
XX
//
ID	ZKSCAN1:CTCF:CTCFL:ZIC1::ZIC2:ZIC2:ZIC3
XX
P0	A	C	G	T
0	14841	10005	9998	14633
1	14595	10072	10003	14807
2	14960	9802	10070	14645
3	14562	9855	10398	14662
4	14517	10460	9859	14641
5	12720	11297	14207	11251
6	10237	17496	10706	11039
7	6660	23556	7844	11420
8	8284	14245	8210	18741
9	827	46637	1261	755
10	1496	46205	1149	630
11	1328	3269	1053	43830
12	2233	1201	45448	598
13	426	46755	1667	632
14	992	1562	1712	45214
15	813	775	47367	525
16	9248	9628	11766	18838
17	3904	8494	28289	8793
18	14946	11466	9184	13879
19	13717	10158	11412	14188
20	14741	10137	9832	14766
21	14811	9975	9840	14850
XX
//
ID	TBX20:MAFB:MAF
XX
P0	A	C	G	T
0	1590	344	538	695
1	1700	230	347	892
2	1380	305	471	1013
3	817	676	854	822
4	342	701	50	2989
5	19	37	3121	13
6	466	2786	73	151
7	62	49	35	3092
8	67	22	3105	203
9	3070	67	48	27
10	284	2813	657	360
11	1171	198	720	1080
12	891	725	902	859
13	1007	712	769	889
14	955	620	827	975
15	912	848	685	929
16	1064	693	618	999
XX
//
ID	PRDM4:RFX6:RFX2:RFX1:RFX3
XX
P0	A	C	G	T
0	3698	2477	2463	3710
1	3681	2514	2465	3688
2	3680	2498	2456	3714
3	3670	2505	2487	3686
4	3267	2118	3869	3096
5	2986	2205	2369	4790
6	3050	2905	2339	4057
7	2907	2750	2580	4114
8	2218	4517	2557	3059
9	408	11096	310	537
10	2711	7986	342	1312
11	565	1261	267	10258
12	8105	106	3332	808
13	443	111	11732	65
14	1852	9606	388	505
15	11432	131	453	335
16	11443	265	424	219
17	571	10564	561	655
18	3718	3976	1984	2671
19	3148	2635	4366	2200
20	3472	2716	2344	3817
21	3456	2798	2343	3752
22	3756	2458	2554	3579
XX
//
ID	ZBTB33:E2F7:E2F3:E2F6:E2F1:E2F4:E2F2:E2F5
XX
P0	A	C	G	T
0	1340	1527	1581	1358
1	1923	939	1419	1525
2	1428	1309	1936	1133
3	1539	1251	1203	1813
4	1264	1292	2607	1266
5	1577	1520	2216	1118
6	1267	666	3049	1449
7	636	1435	4313	47
8	105	68	6226	32
9	598	5656	18	159
10	203	70	6058	100
11	469	269	5637	56
12	184	57	6122	68
13	5397	80	906	48
14	3174	607	2489	161
15	1907	1230	1895	1228
16	1676	1242	1854	1488
17	1858	1228	1395	1779
XX
//
ID	TCFL5:HES2:HES1:CLOCK:MITF:CREB3L2:XBP1:ARNT:BHLHE40:ARNTL:TFE3:SREBF1(MA0829.1):USF2:TFEB:USF1:MXI1:MAX:NPAS2:MYC:MYCN:MLXIP
XX
P0	A	C	G	T
0	11143	7300	7236	11202
1	11554	7095	7109	11123
2	11185	7168	7686	10840
3	10650	7393	12190	6654
4	11343	2645	12965	9919
5	3157	6580	17207	9970
6	211	36027	274	297
7	35339	243	802	513
8	214	31688	1617	3522
9	5445	287	30861	280
10	716	1234	353	34532
11	283	1861	33986	674
12	12304	6714	7386	10659
13	5918	12029	11011	7978
14	10577	7874	7666	10769
15	10814	7433	7722	10916
16	10853	7554	7516	10960
17	10956	7508	7563	10856
18	10928	7447	7594	10911
19	10918	7518	7539	10905
20	10976	7411	7467	11024
XX
//
ID	ARID3A:TCF7L1:LEF1:TCF7L2:TCF7:HNF1A(MA1991.1)
XX
P0	A	C	G	T
0	1519	920	858	892
1	1795	924	1032	682
2	2865	302	605	552
3	322	1626	2146	294
4	3554	98	59	606
5	188	63	94	3909
6	174	3720	374	177
7	4163	35	34	55
8	3964	126	168	39
9	4122	21	79	54
10	261	100	3804	69
11	677	677	2619	377
12	1268	1194	1098	752
13	1346	962	936	1068
14	1297	875	885	1256
XX
//
ID	POU2F1:NFATC4:NFAT5:NFATC3:NFATC2:NFATC1
XX
P0	A	C	G	T
0	3031	1979	1985	2959
1	3004	2029	2077	2839
2	2869	1979	2239	2862
3	2712	1918	2790	2529
4	2429	2895	2557	2071
5	4759	1990	1596	1607
6	5968	1294	1694	996
7	348	368	181	9060
8	154	30	9718	55
9	113	113	9610	121
10	9662	79	112	104
11	9728	38	106	85
12	9334	194	137	292
13	4626	2261	1737	1333
14	3307	1271	1284	4095
15	3093	1857	2240	2767
16	2802	2115	1893	3140
XX
//
ID	CEBPA:CEBPE
XX
P0	A	C	G	T
0	94	87	164	485
1	1	1	85	743
2	189	1	384	256
3	41	472	179	138
4	74	2	752	2
5	262	377	1	190
6	706	123	1	0
7	830	0	0	0
8	0	128	11	691
9	220	397	36	175
10	178	60	150	440
11	97	256	170	305
XX
//
ID	ZNF431:REST:ZNF335
XX
P0	A	C	G	T
0	267	159	171	282
1	297	189	167	229
2	264	205	257	156
3	255	61	284	284
4	57	179	241	407
5	284	425	99	76
6	496	225	104	59
7	95	273	413	103
8	259	298	224	103
9	691	14	103	76
10	15	807	37	25
11	23	770	34	57
12	257	85	93	449
13	478	144	45	217
14	435	3	443	3
15	9	12	858	5
16	769	53	42	20
17	24	792	43	25
18	836	4	39	5
19	23	18	821	22
20	92	356	399	37
21	187	265	260	172
22	328	270	152	131
23	94	479	102	206
24	261	266	136	215
XX
//
ID	MYB:MYBL1:PBX1:PKNOX1:MEIS2:MEIS1(MA0498.1):TGIF1
XX
P0	A	C	G	T
0	1606	1196	1138	1716
1	1499	1250	1186	1722
2	1585	1145	1308	1619
3	1597	1417	1102	1544
4	1502	1821	766	1573
5	3632	340	722	969
6	1785	1327	2096	455
7	243	5105	155	160
8	166	358	171	4968
9	67	15	5558	23
10	330	1176	31	4126
11	74	5479	23	87
12	4760	193	168	542
13	1344	1984	1680	650
14	877	1036	684	3060
15	804	2795	945	1113
16	2384	1048	624	1601
17	1430	1412	1306	1509
18	1387	1617	1146	1507
19	1444	1346	1090	1777
XX
//
ID	DMRT1:DMRTB1:SRY:SOX1:SOX10:SOX3:SOX17:SOX5:SOX9:SOX4:SOX11:SOX6:SOX2
XX
P0	A	C	G	T
0	17342	11914	12630	16811
1	17182	12985	13588	14946
2	19973	6481	21342	10909
3	16862	8777	20976	12092
4	27940	6681	7883	16096
5	57063	428	825	684
6	805	55091	1394	1313
7	56363	706	385	1163
8	53993	1599	1212	2043
9	25072	589	930	32012
10	4460	831	52239	1161
11	7694	5895	23731	21280
12	22848	11858	11870	12384
13	19051	10139	12689	16730
14	13845	19899	9219	15955
15	16859	11507	11140	19105
16	16930	11318	13495	16849
17	16848	11218	11207	19489
18	16935	11532	11619	18504
XX
//
ID	SPZ1:SIX3
XX
P0	A	C	G	T
0	36	11	38	24
1	75	10	10	15
2	26	7	19	58
3	56	10	35	10
4	7	9	91	5
5	4	2	100	7
6	16	1	94	1
7	1	0	5	105
8	105	0	3	4
9	6	0	2	103
10	2	106	2	1
11	102	3	5	2
12	19	46	18	29
13	27	31	22	32
14	43	10	13	43
15	37	24	20	30
16	11	13	26	61
XX
//
ID	ZFP57:ZFX:PLAGL1:INSM1
XX
P0	A	C	G	T
0	4369	3058	3059	4389
1	4373	3045	3053	4404
2	2938	4711	4522	2708
3	3027	4499	4375	2979
4	2184	7735	3208	1757
5	1963	1874	1371	9676
6	229	368	14022	265
7	1415	714	12409	346
8	196	268	14227	193
9	180	340	14220	144
10	783	13443	336	322
11	388	13670	424	402
12	12192	718	1100	874
13	2270	4784	5137	2690
14	3632	3759	4712	2776
XX
//
ID	GMEB1:CREB1:ATF2:ATF3(MA0605.1):ATF1:CREM:CREB5:DBP:CEBPD:HLF:CEBPB:NFIL3:DDIT3:ATF4:CEBPG
XX
P0	A	C	G	T
0	3144	2110	2119	3149
1	3206	2011	2300	3002
2	2639	1428	3851	2376
3	5252	1150	3694	303
4	66	63	63	10107
5	35	73	8471	2642
6	9443	63	562	253
7	156	7280	273	2739
8	249	48	9938	119
9	667	2314	61	7268
10	5330	4933	468	503
11	8249	616	641	811
12	1110	1998	1451	6254
13	2722	2403	2012	3149
14	3145	2110	2107	3160
15	3154	2105	2115	3147
16	3151	2109	2111	3151
XX
//
ID	PRDM14:ZBTB7A
XX
P0	A	C	G	T
0	4272	2881	2982	4205
1	3922	3700	3143	3576
2	4800	1446	5320	2775
3	736	1081	11698	826
4	296	572	12942	531
5	550	381	1436	11974
6	268	13003	563	507
7	425	1363	350	12203
8	137	12279	1007	918
9	353	378	228	13382
10	12709	605	493	534
11	6549	2326	2074	3392
12	2238	5829	3332	2942
XX
//
ID	CDX1:HOXA1:PBX2:HOXA10:HOXB7:HOXB8:HOXC9:HOXA9
XX
P0	A	C	G	T
0	348	234	238	355
1	355	233	238	349
2	357	235	235	348
3	356	233	234	352
4	336	205	379	256
5	280	17	93	788
6	147	12	951	68
7	1129	9	8	32
8	2	3	10	1163
9	16	0	13	1149
10	56	45	185	892
11	1155	3	16	4
12	29	220	7	922
13	226	6	657	289
14	228	69	746	131
15	105	639	246	181
16	225	457	166	321
XX
//
ID	CUX2:ONECUT1:LHX3:PAX7
XX
P0	A	C	G	T
0	12730	8485	8491	12726
1	15004	7033	9301	11097
2	12184	7581	6767	15903
3	9805	3765	3268	25600
4	39249	881	1228	1080
5	39863	717	806	1052
6	912	1117	855	39554
7	1158	32045	1378	7857
8	36196	1755	3794	693
9	39782	630	1106	920
10	1124	433	544	40337
11	1593	1976	996	37873
12	32643	1748	1809	6238
13	14365	5508	6413	16152
14	10768	9700	7482	14485
15	12362	8565	6916	14592
XX
//
ID	STAT6:BCL6:STAT3:STAT4:STAT5A:STAT5A::STAT5B:STAT5B
XX
P0	A	C	G	T
0	8494	6483	6341	8750
1	9250	5746	6458	8616
2	7288	6878	6231	9674
3	161	1815	144	27955
4	1755	225	857	27238
5	871	29002	83	119
6	1386	9325	213	19151
7	6784	334	10061	12896
8	5800	691	23058	526
9	1592	54	28038	391
10	26062	199	3537	277
11	28705	360	606	404
12	14412	4743	6496	4424
13	6958	7513	5639	9960
14	8357	6712	6466	8534
15	9130	5879	6531	8529
XX
//
ID	VDR:NR2F1:PPARG::RXRA:PPARA:PPARG:NR1H3:NR2C2:NR2C1:HNF4G:NR2F6(MA0677.1):RXRA:HNF4A(MA0114.3):NR2F6(MA0728.1):RARB(MA0857.1):RARG(MA0859.1):RARA:RXRG:ESRRB:ESRRG:ESRRA:NR5A2:NR5A1:RXRB:NR4A2:RARB(MA0858.1):NR2F2:NR1H2:NR1H4:NR2E1:NR4A1
XX
P0	A	C	G	T
0	56480	37484	37409	56085
1	57055	37219	37323	56083
2	65548	36571	46865	52373
3	59255	30221	62556	39402
4	60379	23615	75660	34865
5	43285	21316	84875	32575
6	32062	21655	79760	48242
7	25945	38583	29517	92173
8	30523	79471	17676	69436
9	86199	62611	19185	17756
10	135232	8465	35779	5779
11	175084	1543	5235	1567
12	3044	1281	174135	2424
13	1821	997	128968	49036
14	5976	14816	4975	154242
15	3151	171944	3214	8985
16	165897	3706	10266	5688
17	55469	42625	40366	57763
18	54089	38542	39962	54573
19	55878	37426	38065	56065
20	56320	37343	37321	56447
21	56236	37776	37486	55886
22	57023	37233	37306	55875
23	56031	37353	38034	56030
24	56030	37354	38015	56056
25	56030	37355	37356	56704
26	56030	38117	37352	56034
27	56723	37352	37354	56031
XX
//
ID	PGR:NR3C1:AR:ESR1:ESR2
XX
P0	A	C	G	T
0	1533	460	1851	727
1	1695	40	2781	151
2	152	12	5088	70
3	1661	381	877	1251
4	3099	60	167	323
5	5	3584	34	48
6	3081	62	435	194
7	417	1562	850	1109
8	1125	693	1580	745
9	1022	691	2199	444
10	237	477	40	3564
11	83	43	4959	9
12	361	167	69	3668
13	1383	768	416	1535
14	91	3357	14	190
15	171	2064	66	1575
16	870	1385	640	1352
17	1266	843	847	1265
XX
//
ID	TFAP2B:TFAP2A:TFAP2C:PRDM16:EBF1:EBF2:IKZF1:RBPJ
XX
P0	A	C	G	T
0	8289	5258	7597	7227
1	5132	7339	8094	7806
2	1774	2077	2101	22420
3	778	24940	1337	1319
4	456	26008	426	1484
5	267	26701	363	1043
6	2233	4551	1614	19976
7	1991	1444	4699	20240
8	968	368	26556	482
9	1509	270	25999	596
10	271	399	27493	211
11	13301	3942	7864	3267
12	8911	8116	6212	5134
13	8656	5643	5736	8335
14	8568	5679	5690	8433
XX
//
ID	BATF3:IRF7:IRF4:IRF8:PRDM1:IRF9:STAT2:IRF1:IRF2:IRF3:STAT1
XX
P0	A	C	G	T
0	6860	4664	4584	7032
1	6880	4647	4610	7003
2	6887	4589	4629	7035
3	6854	4714	4672	6900
4	6839	4680	4575	7046
5	6861	4609	4601	7069
6	6486	4693	4487	7472
7	6462	5276	4523	6877
8	9202	2908	5617	5415
9	2594	8897	7866	3785
10	730	860	564	20988
11	490	964	476	21212
12	539	1321	403	20879
13	387	20882	392	1481
14	15124	845	1466	5707
15	1086	5404	13689	2963
16	613	463	327	21739
17	692	568	437	21445
18	694	2368	517	19563
19	1129	17084	1446	3483
20	10217	4187	2285	6452
21	5006	6050	5334	6748
22	5242	3495	3295	11106
23	6553	4622	4376	7587
24	6603	4661	4391	7483
25	6636	4991	4511	7000
XX
//
ID	NEUROG1:ZEB1:LYL1:TWIST1:SNAI1:NHLH1:BHLHA15(MA1472.2):ASCL2:TCF12(MA0521.2):PTF1A(MA1619.1):MYF6:TCF3:OLIG2(MA1997.1):NEUROD2(MA1993.1):TWIST2:SNAI2:TCF4:TCF21(MA0832.1):ASCL1:MYOD1:MYOG:PTF1A(MA1620.1):RBPJL:MSGN1:BHLHA15(MA0607.1):ATOH1(MA0461.2):PTF1A(MA1618.1):ATOH1(MA1467.2):NEUROD2(MA0668.2):NEUROD1:NEUROG2
XX
P0	A	C	G	T
0	127691	85135	85138	127703
1	127690	85127	85157	127693
2	127661	85141	85214	127653
3	123631	88340	88401	125278
4	112112	99112	99770	114666
5	128215	110318	113774	73586
6	144827	139430	104910	36469
7	2341	419504	1748	2013
8	415983	2971	4167	2493
9	1765	36326	316709	70891
10	10011	408152	5083	2493
11	1365	3447	2915	417901
12	1698	1959	420081	1884
13	28975	121740	92846	182040
14	65338	127822	95959	136698
15	111078	106667	93508	114412
16	118874	97772	84027	124982
17	120426	92133	85335	127762
18	127655	85184	85127	127704
19	127868	85107	85140	127555
20	127566	85054	85072	127978
21	127603	85116	85051	127900
22	127865	85057	85070	127678
XX
//
ID	GFI1B:GFI1:SIX4:SIX2
XX
P0	A	C	G	T
0	1955	1245	1339	2161
1	1278	854	3418	1151
2	2991	1131	921	1659
3	6408	137	65	92
4	6376	114	65	147
5	236	4084	174	2208
6	603	5464	156	479
7	1395	388	264	4655
8	310	1559	4685	148
9	5800	75	69	758
10	950	1212	3203	1337
11	1727	3035	788	1152
12	2142	1616	1048	1895
13	1919	1432	1341	2008
XX
//
ID	HAND1:ZFP335:SMAD2:HAND1::TCF3:SMAD4
XX
P0	A	C	G	T
0	573	395	429	713
1	499	580	559	472
2	179.235	340	339.882	1253.88
3	83	146	1779	105
4	30	481	68	1534
5	27	2027	14	45
6	45	1	7	2060
7	611.588	30	1457.41	14
8	101	290	1525	197
9	760.647	560.059	308	484.294
10	572	454	368	715
11	647	370	333	757
12	572	433	468	637
13	508	440	359	803
14	568	478	521	543
15	495	335	339	941
16	493	756	347	514
17	789	376	340	605
XX
//
ID	SREBF2:SMAD3:TBX3:TBX6:TBX21
XX
P0	A	C	G	T
0	3839	2731	3031	3505
1	3616	2797	3268	3423
2	3396	2644	4966	2102
3	5958	788	2855	3507
4	948	280	11309	571
5	280	650	12096	82
6	775	760	1362	10211
7	341	664	11927	176
8	1712	706	953	9737
9	311	1379	10784	634
10	11455	232	977	444
11	8550	1053	2326	1177
12	3795	2499	4376	2436
13	3443	2662	3159	3840
XX
//
ID	BARX1:NKX2-5:NKX3-1:NKX3-2:NKX2-2:NKX2-1:NKX2-8
XX
P0	A	C	G	T
0	9926	6677	7669	9286
1	10405	6562	7002	9589
2	8254	5875	9031	10398
3	6126	7531	6152	13751
4	4332	3798	2718	26670
5	1443	14546	1280	16170
6	30770	420	1181	353
7	31217	638	195	421
8	440	155	31485	467
9	846	178	459	31113
10	1451	225	30766	374
11	3416	7840	16057	8188
12	6735	6907	5349	13475
13	8999	6128	5613	12818
14	10443	6390	6269	10456
15	10125	6403	6141	10889
XX
//
ID	NANOG:POU5F1::SOX2:POU5F1:POU2F3:POU2F2:POU1F1:POU3F1:POU3F2
XX
P0	A	C	G	T
0	1100	817	824	1255
1	947	1112	802	1134
2	616	1696	430	1253
3	1529	402	371	1695
4	513	396	383	2706
5	566	345	453	2636
6	501	1202	1697	603
7	1205	244	307	2247
8	602	1499	471	1431
9	3457	137	119	290
10	67	37	77	3821
11	132	61	3411	399
12	558	2636	287	520
13	3144	100	87	668
14	2131	207	570	1088
15	3556	89	155	195
16	666	277	450	2602
17	953	585	1088	1373
18	996	1153	708	1142
19	1620	777	657	942
20	1277	654	699	1366
21	1274	701	880	1138
XX
//
ID	LHX6:PBX3:NFYA:NFYB:FOXI1:NFYC:HOXD9:CDX2:HOXA13:HOXD13
XX
P0	A	C	G	T
0	8391	5604	5610	8389
1	7296	5930	6063	8636
2	5342	4796	5496	12402
3	1173	2588	1692	22487
4	383	936	281	26345
5	1065	1380	2937	22547
6	27244	258	284	167
7	973	804	428	25759
8	1558	335	1934	24212
9	2383	139	24350	1365
10	3201	4285	17598	2970
11	6267	8338	5751	7645
12	6867	6248	5160	9725
13	8035	5337	6590	8034
14	8294	5562	6097	8041
15	8382	5602	5612	8398
XX
//
ID	AHR::ARNT:AHR:HIF1A:ARNT::HIF1A:EPAS1:NPAS4:PAX2:NFE2L1
XX
P0	A	C	G	T
0	3109	2062	2100	3107
1	2856	2555	2843	2126
2	2636	2366	2774	2606
3	1508	544	1059	7272
4	457	8898	624	406
5	637	365	9250	133
6	132	117	256	9880
7	67	187	10008	123
8	7995	1241	482	665
9	723	7793	875	990
10	2861	1959	1844	3719
11	2387	2800	2765	2428
XX
//
ID	NRF1:MTF1
XX
P0	A	C	G	T
0	3823	2556	2560	3822
1	2202	3428	4935	2199
2	2506	4286	2597	3375
3	1295	7214	3334	921
4	744	1831	864	9325
5	446	339	11875	104
6	408	11818	343	195
7	310	193	12037	224
8	147	11872	511	234
9	4358	5480	2515	411
10	128	612	446	11578
11	70	252	12353	89
12	138	12145	219	262
13	275	596	11175	718
14	444	8474	1009	2837
15	4157	2529	4792	1286
16	3822	2549	2557	3833
XX
//
ID	TBP:SRF:MEF2A:MEF2C:MEF2D
XX
P0	A	C	G	T
0	680	419	448	587
1	621	396	390	727
2	651	232	580	672
3	400	289	860	586
4	252	1504	186	193
5	92	772	33	1238
6	1665	111	54	305
7	1025	58	201	851
8	1908	34	92	101
9	1653	35	53	394
10	1929	24	54	128
11	672	28	61	1374
12	1397	19	689	30
13	292	261	1491	91
14	794	726	315	300
15	863	510	234	528
16	755	426	413	540
XX
//
ID	PAX5:PAX6
XX
P0	A	C	G	T
0	154	101	104	153
1	154	100	108	150
2	154	103	103	152
3	151	102	105	154
4	152	107	101	152
5	411	18	48	35
6	106	149	182	75
7	19	121	10	362
8	6	286	212	8
9	445	10	41	16
10	300	9	70	133
11	10	83	414	5
12	21	311	36	144
13	178	20	292	22
14	34	25	238	215
15	305	20	176	11
16	390	38	21	63
17	152	110	100	150
18	152	105	105	150
19	155	100	106	151
XX
//
ID	THAP11:ZNF143:KLF8:ZIC1:GLI1:GLI2:EGR1:EGR2:WT1:ZNF281:SP1:SP5:SP4:ZBTB17:SP2:SP3:KLF6:KLF15:MAZ:SALL4:KLF4:KLF1:KLF12:KLF3:KLF5
XX
P0	A	C	G	T
0	9298	6458	6226	9402
1	9319	6392	6230	9443
2	9193	6655	6192	9347
3	9219	6716	6158	9294
4	9232	6524	6211	9420
5	8931	6959	6247	9247
6	8898	6960	6321	9209
7	8741	7394	6311	8941
8	9396	7381	5872	8738
9	8409	8683	5956	8336
10	8369	6696	8058	8904
11	9996	5086	10645	5801
12	4066	13883	8606	4597
13	9198	12943	3826	5177
14	6269	22207	1237	1632
15	1570	27071	851	1661
16	10409	321	6859	14461
17	203	30225	424	307
18	1204	29027	428	534
19	439	28492	536	1722
20	11564	14523	1201	4182
21	3332	18601	5472	4003
22	14937	4999	6406	5027
23	5948	13279	5358	6834
24	8035	10193	5725	7447
25	7515	8681	6548	8647
26	8841	7294	6214	9041
27	9223	6781	6173	9209
28	9328	6340	6266	9451
29	9293	6474	6248	9370
30	9310	6493	6212	9370
31	9293	6445	6205	9442
32	9340	6448	6212	9385
33	9330	6463	6232	9360
34	9352	6374	6230	9429
35	9320	6412	6246	9407
XX
//
ID	NR1H3::RXRA:NR1I2:THRA:RARG(MA0860.1):NR1I3:NR1D1:RORA:NR1D2:RORC
XX
P0	A	C	G	T
0	2675	1792	1783	2667
1	627	490	451	7033
2	815	464	7275	643
3	6107	684	618	973
4	1223	6890	421	659
5	663	7911	405	739
6	553	1892	530	5326
7	955	3328	795	3741
8	1485	1684	1257	4167
9	2020	3128	2556	1251
10	1566	1313	4110	2074
11	170	55	77	7583
12	690	243	8860	291
13	6863	644	495	156
14	592	8791	110	106
15	294	8793	25	608
16	74	2116	87	6366
17	1678	1763	357	4949
18	2205	2166	2162	2385
19	2474	1593	1664	3188
20	2210	1613	1872	3225
21	2522	1965	1667	2766
22	2352	2198	1719	2651
23	2471	2046	1686	2717
24	2548	1928	1692	2752
XX
//
ID	SP7:ISL1:HOXB4:LHX2:ARID3B:HOXD8:BARHL1:LHX8:PDX1:HOXD3:DLX1:LHX4:PRRX2:DLX3:DLX4:NOBOX:ARX:ALX4:ALX1:LHX1:HOXB5:VSX2:MSX3:SHOX2:HMX1:HMX2:HMX3:DLX2:DLX5
XX
P0	A	C	G	T
0	30352	20305	20251	30232
1	30434	20211	20177	30318
2	30576	20140	20288	30124
3	30297	20303	20345	30186
4	30152	20541	20327	30109
5	30573	20808	20292	29459
6	30480	19122	21616	27520
7	15720	30009	30008	18152
8	7190	54956	1942	41892
9	86742	12879	7631	5988
10	92911	4111	1047	5244
11	1721	406	294	93203
12	2555	6003	3207	92618
13	92469	1221	3051	7006
14	26588	17525	33938	15833
15	27118	23885	20344	27391
16	30526	20443	20759	29409
17	30106	20357	20300	30369
18	30319	20268	20273	30269
19	30245	20230	20197	30454
20	30348	20228	20225	30337
XX
//
