ID	NR2E3
XX
P0	A	C	G	T
0	4	12	2	5
1	23	0	0	0
2	23	0	0	0
3	0	1	22	0
4	0	23	0	0
5	0	0	0	23
6	0	0	0	23
XX
//
ID	STAT6
XX
P0	A	C	G	T
0	257	663	482	450
1	665	328	372	487
2	152	566	436	698
3	0	0	0	1852
4	13	0	0	1839
5	122	1680	0	50
6	70	1204	0	578
7	664	21	219	948
8	328	534	898	92
9	1153	3	416	280
10	26	0	1796	30
11	1852	0	0	0
12	1849	0	3	0
13	621	540	398	293
14	345	490	235	782
XX
//
ID	ARID5A
XX
P0	A	C	G	T
0	18	43	23	17
1	16	32	3	48
2	85	3	7	5
3	96	0	1	2
4	6	0	1	93
5	93	1	1	6
6	2	1	1	96
7	4	9	4	83
8	23	3	52	22
9	34	35	18	12
10	29	13	27	31
11	57	8	19	16
12	29	18	26	27
13	34	23	15	27
XX
//
ID	LIN54
XX
P0	A	C	G	T
0	411	91	212	285
1	0	0	0	999
2	0	0	0	999
3	0	212	0	788
4	438	0	562	0
5	999	0	0	0
6	999	0	0	0
7	104	211	0	685
8	243	249	159	350
XX
//
ID	HMBOX1
XX
P0	A	C	G	T
0	487	449	194	101
1	122	683	186	547
2	75	25	63	1231
3	1231	0	367	44
4	2	51	1231	5
5	26	1	5	1231
6	237	50	8	1231
7	1231	4	17	102
8	753	478	130	140
9	202	542	370	117
XX
//
ID	ZNF24
XX
P0	A	C	G	T
0	2055	17056	1345	2848
1	18028	1816	1967	1493
2	958	2102	739	19505
3	432	544	461	21867
4	326	22137	118	723
5	22437	219	501	147
6	97	887	128	22192
7	182	330	182	22610
8	354	22068	93	789
9	22034	402	589	279
10	1010	2062	811	19421
11	985	2128	1045	19146
12	2062	17701	856	2685
XX
//
ID	ZNF384
XX
P0	A	C	G	T
0	9460	4945	5650	10378
1	9116	7025	5133	9159
2	9522	3456	4678	12777
3	13125	7691	4721	4896
4	30354	7	13	59
5	30191	35	19	188
6	30072	21	26	314
7	30252	13	15	153
8	30202	26	14	191
9	30406	6	0	21
10	20322	2908	2767	4436
11	18916	3963	2898	4656
XX
//
ID	THRB(MA1575.1)
XX
P0	A	C	G	T
0	1010	624	1640	837
1	26	618	15	4111
2	252	642	4111	230
3	4111	351	432	1787
4	29	4111	2	0
5	1	4111	2	8
6	0	1178	77	4111
7	286	1512	872	1441
8	2454	241	1353	63
9	1060	1033	939	1079
10	63	1266	312	2470
11	1469	904	1488	251
12	4111	106	1233	2
13	0	3	4111	0
14	0	0	4111	30
15	1688	470	303	4111
16	199	4111	686	291
17	4111	5	629	5
18	835	1649	610	1017
XX
//
ID	ZBTB32
XX
P0	A	C	G	T
0	882	764	65	1849
1	356	3	3057	156
2	5	1	3	3563
3	3560	5	0	0
4	0	3560	1	0
5	3556	3	4	8
6	0	3	3562	6
7	0	4	0	3558
8	2390	109	723	339
9	1559	213	215	1574
XX
//
ID	ZNF140
XX
P0	A	C	G	T
0	325	272	258	985
1	1140	173	341	186
2	279	38	1223	300
3	29	10	1788	13
4	1708	14	108	10
5	26	11	1787	16
6	10	875	36	919
7	522	6	1194	118
8	11	1	1812	16
9	1823	2	7	8
10	1816	9	12	3
11	8	87	27	1718
12	71	33	48	1688
13	19	10	1806	5
14	29	1606	22	183
15	221	128	69	1422
16	310	131	1241	158
17	338	159	1168	175
18	455	190	1005	190
19	234	290	248	1068
20	280	966	253	341
XX
//
ID	ZSCAN29
XX
P0	A	C	G	T
0	68	497	124	310
1	20	0	977	0
2	0	16	4	977
3	4	993	0	0
4	0	48	0	949
5	989	4	0	4
6	4	838	0	155
7	647	0	350	0
8	0	961	24	12
9	306	207	310	175
10	127	40	786	44
11	199	294	326	179
XX
//
ID	PRDM15
XX
P0	A	C	G	T
0	638	486	560	553
1	624	329	920	364
2	252	325	1333	327
3	2011	60	135	31
4	2121	34	58	24
5	1942	47	200	48
6	1801	138	152	146
7	67	1941	101	128
8	222	1886	107	22
9	220	361	28	1628
10	19	7	2199	12
11	64	23	2126	24
12	1531	314	220	172
13	687	438	748	364
14	540	635	460	602
XX
//
ID	ZNF784
XX
P0	A	C	G	T
0	1757	2113	4416	554
1	1762	2212	2273	6529
2	6529	6	0	0
3	26	6529	0	69
4	71	4347	77	2182
5	206	229	96	6529
6	6529	35	42	22
7	39	6529	10	124
8	135	6529	555	154
9	680	559	4783	1746
10	1852	3503	1428	3026
XX
//
ID	ZNF652
XX
P0	A	C	G	T
0	2045	2744	4106	3478
1	6158	2126	2230	1859
2	11418	372	317	266
3	11220	89	660	404
4	267	573	10998	535
5	7606	106	4279	382
6	178	109	11940	146
7	220	155	182	11816
8	240	274	249	11610
9	11708	215	205	245
10	9189	1216	1032	936
11	4035	2715	2185	3438
XX
//
ID	PRDM1
XX
P0	A	C	G	T
0	8762	17788	6638	22293
1	17153	12288	8768	17272
2	1199	52752	701	829
3	1283	467	826	52905
4	2181	1346	1011	50943
5	1813	488	561	52619
6	1377	53465	207	432
7	3549	1076	1390	49466
8	1710	52821	290	660
9	10522	13567	4098	27294
10	10124	17518	7861	19978
XX
//
ID	SATB1
XX
P0	A	C	G	T
0	11611	4807	4675	13131
1	11209	4284	5143	13588
2	11402	5320	7922	9580
3	262	33122	140	700
4	492	195	37	33500
5	33670	164	221	169
6	32708	115	120	1281
7	288	128	123	33685
8	32009	485	889	841
9	30660	881	1071	1612
10	8716	13196	2582	9730
11	12175	4803	3786	13460
12	13173	4715	5595	10741
XX
//
ID	ZNF214
XX
P0	A	C	G	T
0	400.327	210.784	289.216	99.6732
1	243.464	184.641	106.209	465.686
2	210.784	112.745	21.2418	655.229
3	158.497	707.516	34.3137	99.6732
4	955.882	34.3137	1.63399	8.16993
5	60.4575	21.2418	106.209	812.092
6	47.3856	668.301	86.6013	197.712
7	870.915	1.63399	125.817	1.63399
8	968.954	14.7059	14.7059	1.63399
9	119.281	236.928	387.255	256.536
10	230.392	21.2418	648.693	99.6732
11	99.6732	112.745	191.176	596.405
12	60.4575	772.876	158.497	8.16993
13	1.63399	988.562	1.63399	8.16993
14	21.2418	80.0654	1.63399	897.059
XX
//
ID	ZNF354A
XX
P0	A	C	G	T
0	385.135	304.054	60.8108	250
1	277.027	114.865	60.8108	547.297
2	736.486	87.8378	6.75676	168.919
3	682.432	141.892	33.7838	141.892
4	385.135	141.892	195.946	277.027
5	222.973	195.946	141.892	439.189
6	574.324	87.8378	277.027	60.8108
7	114.865	114.865	33.7838	736.486
8	844.595	6.75676	114.865	33.7838
9	844.595	33.7838	60.8108	60.8108
10	790.541	87.8378	60.8108	60.8108
11	195.946	33.7838	195.946	574.324
12	114.865	33.7838	844.595	6.75676
13	304.054	114.865	466.216	114.865
14	466.216	195.946	195.946	141.892
15	141.892	520.27	33.7838	304.054
16	277.027	141.892	141.892	439.189
17	709.459	222.973	33.7838	33.7838
18	520.27	33.7838	168.919	277.027
19	195.946	195.946	168.919	439.189
20	114.865	33.7838	60.8108	790.541
XX
//
ID	PRDM5
XX
P0	A	C	G	T
0	132	362	95	151
1	105	162	177	296
2	36	60	580	64
3	59	86	50	545
4	18	43	37	642
5	20	677	13	30
6	39	31	20	650
7	16	677	30	17
8	22	685	18	15
9	575	81	40	44
10	18	59	128	535
11	43	518	86	93
12	88	145	67	440
13	157	208	205	170
14	144	230	211	155
XX
//
ID	AIRE
XX
P0	A	C	G	T
0	16	11	5	9
1	8	8	6	19
2	6	6	8	21
3	2	0	36	3
4	0	0	33	8
5	13	2	1	25
6	16	4	1	20
7	15	6	6	14
8	14	3	6	18
9	21	4	6	10
10	16	2	3	20
11	9	6	3	23
12	0	1	36	4
13	0	0	40	1
14	9	4	10	18
15	3	8	8	22
16	18	1	7	15
17	17	11	4	9
XX
//
ID	ARID5B
XX
P0	A	C	G	T
0	3	2	5	5
1	2	4	6	3
2	0	4	3	8
3	0	2	5	8
4	5	1	5	4
5	3	1	10	1
6	0	0	0	15
7	13	0	2	0
8	0	2	0	13
9	0	1	1	13
10	2	4	8	1
11	2	1	4	8
12	4	2	6	3
XX
//
ID	ZFP82
XX
P0	A	C	G	T
0	16	57	29	396
1	7	24	12	455
2	5	406	7	80
3	53	395	7	43
4	392	38	30	38
5	103	29	164	202
6	45	56	36	361
7	18	121	34	325
8	35	281	81	101
9	348	51	32	67
10	33	249	43	173
11	61	62	114	261
12	305	72	92	29
13	311	63	24	100
14	71	39	105	283
15	86	58	31	323
16	14	260	34	190
17	16	107	4	371
18	54	313	13	118
19	33	139	28	298
20	94	292	13	99
21	11	58	12	417
22	16	95	12	375
23	11	333	19	135
XX
//
ID	ZNF322
XX
P0	A	C	G	T
0	56	46	333	30
1	220	40	77	128
2	40	25	342	58
3	74	298	21	72
4	21	420	6	18
5	32	44	19	370
6	137	21	290	17
7	41	160	218	46
8	43	62	48	312
9	350	68	18	29
10	3	458	3	1
11	206	35	77	147
12	6	169	279	11
13	208	41	44	172
14	14	7	420	24
15	23	384	22	36
16	42	352	18	53
17	49	41	71	304
18	37	59	317	52
19	128	84	187	66
XX
//
ID	ZNF41
XX
P0	A	C	G	T
0	89	175	44	41
1	249	35	46	19
2	37	252	25	35
3	260	22	49	18
4	248	3	87	11
5	24	7	304	14
6	39	12	275	23
7	137	3	208	1
8	331	3	10	5
9	155	26	163	5
10	79	69	41	160
11	151	76	71	51
12	184	41	89	35
13	124	13	174	38
14	87	75	144	43
15	19	260	41	29
16	338	2	6	3
17	13	318	16	2
18	81	242	8	18
19	290	4	43	12
20	41	17	40	251
21	34	60	226	29
22	247	16	42	44
23	54	29	228	38
XX
//
ID	ZNF563
XX
P0	A	C	G	T
0	120	64	221	94
1	47	52	317	83
2	82	81	235	101
3	139	134	125	101
4	11	41	73	374
5	3	444	4	48
6	175	243	11	70
7	50	90	76	283
8	79	156	136	128
9	177	69	149	104
10	55	314	85	45
11	132	149	16	202
12	89	13	313	84
13	17	59	341	82
14	16	395	84	4
15	358	97	4	40
16	134	62	269	34
17	9	447	9	34
18	93	85	50	271
19	27	90	333	49
20	77	201	33	188
XX
//
ID	GCM1:GCM2
XX
P0	A	C	G	T
0	2701	8893	5529	5637
1	22759	1888	4309	306
2	184	195	120	22759
3	4634	306	22759	15
4	1086	22759	710	1007
5	645	256	22759	3881
6	0	4	22759	48
7	1	18	22759	10
8	238	5525	238	22759
9	22038	3045	8312	2254
10	1245	13716	5133	2865
XX
//
ID	MEF2A:MEF2C:MEF2B:MEF2D
XX
P0	A	C	G	T
0	8351	5418	5773	8153
1	8606	4135	6089	8867
2	7969	2337	9014	8583
3	2412	21284	1085	2654
4	630	4006	236	22502
5	23006	1277	1142	1930
6	19115	287	853	7073
7	25740	145	605	2338
8	25537	234	247	1673
9	26044	175	207	1015
10	497	411	215	26201
11	26712	53	460	111
12	3392	1216	21728	1469
13	12903	9611	1922	4150
14	9978	5838	3801	8080
15	8715	6119	4786	8078
XX
//
ID	ZFP42:YY1
XX
P0	A	C	G	T
0	13372	9138	9171	13417
1	13458	9089	9081	13470
2	14292	8751	9323	12734
3	13188	12221	8917	10774
4	3452	34113	3882	3653
5	43137	958	366	639
6	41219	1501	1389	991
7	31586	2697	9326	1491
8	43230	753	725	392
9	695	254	715	43436
10	566	170	44004	360
11	1622	1000	41186	1292
12	10421	23453	4864	6362
13	9862	7471	14195	13572
14	13086	8950	9910	13152
15	13129	10046	8747	13176
16	13170	9748	8856	13324
17	13421	9126	9028	13523
18	13271	9320	9093	13414
19	13370	9232	9116	13380
20	13445	9074	9173	13406
XX
//
ID	ZBTB33:ZBED1
XX
P0	A	C	G	T
0	819	2017	411	3334
1	5137	891	419	339
2	150	76	43	5877
3	893	659	4341	13
4	10	101	14	5927
5	0	6718	4	4
6	145	0	6024	7
7	4	6647	3	162
8	18	6	6078	0
9	5971	80	126	52
10	16	2122	465	4031
11	5737	150	163	495
12	796	823	2749	1405
13	1710	1455	1170	2006
14	1770	1272	1236	2063
15	1781	1360	1393	1807
XX
//
ID	DMRT3:DMRTA2:DMRTC2:DMRTA1
XX
P0	A	C	G	T
0	5271	1410	1344	1241
1	5793	1452	965	2781
2	782	179	45	6105
3	3	2	6253	2
4	18	86	19	6253
5	6253	36	316	1449
6	2927	12	1659	2956
7	6	6253	18	0
8	5872	1391	1523	852
9	5763	952	1282	2339
10	1751	1276	796	3570
11	1677	1140	1055	3578
XX
//
ID	SIX4:SIX1:SIX2
XX
P0	A	C	G	T
0	3292	2313	2224	3020
1	3226	2321	2305	2997
2	2582	3989	1907	2371
3	2459	1294	1640	5456
4	962	570	8469	851
5	5473	1025	1142	3212
6	9997	381	129	345
7	10321	159	146	226
8	442	8832	297	1281
9	1178	8392	341	941
10	578	609	415	9250
11	493	269	9761	329
12	10396	144	148	164
13	1534	1906	2721	4691
14	4305	3574	1322	1651
15	2477	3602	1590	3180
XX
//
ID	MBD2:MECP2
XX
P0	A	C	G	T
0	52	67	67	41
1	42	66	74	45
2	35	51	106	35
3	5	70	99	56
4	0	230	0	0
5	0	230	0	0
6	0	0	230	0
7	0	0	230	0
8	127	40	62	1
9	64	13	131	22
10	71	37	76	43
XX
//
ID	ZNF16:ZNF324
XX
P0	A	C	G	T
0	927.825	276.484	340.258	288.433
1	625.825	522.691	458.567	225.917
2	210.442	398.124	405.65	818.783
3	736.641	185.659	446.793	463.908
4	280.825	86.1014	1280.2	185.876
5	156.009	134.184	1344.32	198.484
6	481.415	329.124	918.926	103.535
7	1575.09	10.3687	135.793	111.751
8	60.235	29.8018	1678.9	64.0599
9	335.341	1094.69	152.618	250.35
10	209.309	1260.67	14.977	348.041
11	1722.81	27.3687	22.3687	60.4516
12	737.221	207.41	239.525	648.843
13	244.493	27.1521	1354.2	207.152
14	25.1521	26.3687	1769.33	12.1521
15	1367.91	148.452	100.76	215.876
16	608.101	55.0184	257.627	912.253
17	223.834	9.76037	1546.25	53.1521
18	90.1521	8.15207	1721.54	13.1521
19	78.5853	451.475	76.1521	1226.79
20	51.5853	66.3687	305.051	1409.99
21	362	470	336	665
22	367	309	295	862
XX
//
ID	BARHL2:BARHL1
XX
P0	A	C	G	T
0	4848	4470	5394	3243
1	4858	5098	2776	5223
2	768	26	16	16815
3	16815	0	9	2065
4	16815	0	4	0
5	16815	149	1309	4313
6	489	16815	161	8589
7	1596	3	16815	1537
8	5366	3108	8837	4171
9	3118	4067	1769	10371
XX
//
ID	MSGN1:ZBTB18:TWIST1:PTF1A(MA1618.1):NEUROG2(MA1642.1):NEUROD1:NEUROD2(MA0668.2):HAND2:ATOH1(MA1467.2):TFAP4(MA1570.1):ATOH7:TAL1::TCF3:TCF21(MA1568.1):ATOH1(MA0461.2):OLIG3:OLIG2(MA0678.1):BHLHA15(MA0607.2):BHLHE22(MA0818.2):BHLHE23:OLIG1:NEUROG2(MA0669.1):NEUROG1
XX
P0	A	C	G	T
0	67811	46629	49725	64988
1	64844	47042	54690	61276
2	66239	42380	57280	61543
3	94538	33073	68822	48104
4	88885	92094	42338	8997
5	1893	220752	1191	1204
6	220651	1234	3734	1486
7	2053	4559	164196	55654
8	213354	9388	3692	1376
9	2439	6858	1335	216106
10	1621	1217	219589	2474
11	11727	26174	109397	79235
12	31256	59457	41233	103024
13	59986	54630	53201	59630
14	66821	48638	48279	65416
15	68708	45882	45849	68723
XX
//
ID	CBFB:RUNX2:RUNX3:RUNX1:BCL11B
XX
P0	A	C	G	T
0	20400	15540	17382	23081
1	17998	17687	18967	21752
2	14932	23879	15406	22190
3	9634	14032	7452	44693
4	1848	2042	2295	70752
5	1232	1685	70512	2383
6	20218	7547	1465	46738
7	1132	801	72313	1566
8	1317	1002	71582	1911
9	1000	2493	2293	70351
10	5793	8232	5639	58501
11	18774	7744	11476	39235
12	17984	18363	17074	22986
13	20379	16506	16060	23458
XX
//
ID	NANOG:POU5F1::SOX2:POU2F1::SOX2:POU5F1:POU5F1B:POU3F1:POU2F1:POU2F3:POU3F3:POU3F2:POU3F4:POU2F2:POU1F1
XX
P0	A	C	G	T
0	43023	28768	28779	43125
1	39161	34309	29007	40017
2	38981	33962	25614	45009
3	51914	25044	25275	44307
4	37460	25018	25067	55238
5	37769	24982	25150	55220
6	45095	24783	39795	34398
7	55050	14786	20991	56659
8	16665	16609	12361	100473
9	134284	502	1011	1379
10	1756	2023	1997	132963
11	2503	766	130161	9197
12	2650	120133	6750	24800
13	114579	412	955	25376
14	128662	2126	5142	8489
15	134710	700	1091	1909
16	13412	7621	9011	115906
17	32607	24169	36224	50187
18	53213	27239	23356	40898
19	41169	27629	34971	39858
20	42482	29133	28966	42919
21	42690	28616	28365	43830
XX
//
ID	SCRT1:SCRT2:GRHL2:GRHL1:TFCP2
XX
P0	A	C	G	T
0	48790	36539	41063	44809
1	59857	32122	41087	38135
2	60596	24088	31703	54814
3	25790	25005	61704	58343
4	23506	121162	13950	13082
5	138564	15443	6882	10113
6	159768	1498	6300	3345
7	948	167925	1154	739
8	157038	5137	948	8408
9	17608	1921	147727	4230
10	4169	2435	159826	4345
11	5104	6943	2177	156845
12	20219	11203	80575	59217
13	32023	30213	60497	49572
14	39189	39936	39508	52209
15	47980	35759	32555	54907
XX
//
ID	PAX3(MA0780.1):PAX7:CUX2:CUX1:ONECUT2:ONECUT3:ONECUT1
XX
P0	A	C	G	T
0	65951	35431	37598	51299
1	71323	31562	38715	48680
2	72186	32243	32834	54667
3	66197	21348	16662	97773
4	157680	7278	40358	15137
5	173869	1375	5052	2259
6	1877	3539	1672	174680
7	2628	163436	1841	11769
8	120258	2468	54440	2103
9	174596	903	1722	1915
10	1791	1226	800	175739
11	116444	17942	16565	63132
12	103502	27500	18189	37867
13	65041	33118	30992	61130
14	55292	37275	34797	63222
15	58074	37598	35308	59606
XX
//
ID	ZIM3:STAT2:IRF1:IRF5:STAT1::STAT2:IRF2:IRF7:IRF3:IRF4:IRF8:IRF9:IRF6:ZBED2
XX
P0	A	C	G	T
0	34515	26064	27785	34039
1	33516	27061	29219	32871
2	38370	20646	34719	32018
3	42806	19963	28993	30548
4	48230	20029	23430	32072
5	54811	18465	18523	27898
6	41066	45585	17580	35223
7	15634	67962	35577	23590
8	10094	5326	105989	5107
9	99520	9853	3813	4093
10	112476	1413	1426	2191
11	114163	974	1489	1384
12	4953	105138	7701	3082
13	23022	78922	3928	22115
14	2057	504	123087	469
15	113414	1416	1249	879
16	114534	573	815	2491
17	111593	1110	1478	3640
18	8527	91930	21147	7017
19	12845	54631	7804	68015
20	47114	19831	24445	30300
21	40028	25700	23970	35053
22	37393	25027	25107	37224
23	37427	24950	24949	37426
24	37425	24954	24949	37424
XX
//
ID	DPRX:RHOXF1:GSC2:GSC:OTX1:PITX3:OTX2:DMBX1:CRX:PITX1:PITX2
XX
P0	A	C	G	T
0	62413	41598	41595	62414
1	62407	41602	41603	62407
2	62179	46734	37639	60186
3	50582	45299	50767	61004
4	46795	81277	22627	58399
5	8181	1571	1148	194955
6	190370	3347	9037	5394
7	198728	807	645	908
8	1894	952	12238	193011
9	5163	193960	3335	5040
10	4590	191782	12022	17571
11	35183	84177	27089	54481
12	57229	51037	33899	65170
13	57783	39585	41901	68754
14	62389	41614	41591	62426
15	62404	41620	41591	62405
16	62418	41595	41596	62411
XX
//
ID	ZNF675:ZNF586:PRDM9:PLAG1:ZNF320
XX
P0	A	C	G	T
0	1114.9	585.329	827.535	954.233
1	834.883	385.24	1571.28	694.596
2	614.498	380.662	1584.07	908.768
3	1257.4	162.951	1422.26	647.383
4	193.197	51.7684	3014.18	230.855
5	166.425	51.2022	3187.38	84.9888
6	832.318	887.082	1199.43	571.173
7	617.241	1741.23	498.991	632.534
8	1021.49	1178.62	341.298	948.591
9	1431.8	907.045	767.157	383.994
10	773.512	71.3712	2478.14	166.976
11	156.115	20.6899	3117.56	195.636
12	1620.39	111.631	1588.35	169.627
13	69.3869	10.2126	3289.88	120.519
14	86.9663	22.318	3239.07	141.65
15	1595.64	1285.94	424.529	183.884
16	1182.67	1466.2	350.113	489.021
17	1905.16	139.517	641.594	801.727
18	1597.51	625.053	927.603	337.837
19	2328.56	128.551	316.8	714.093
20	1778.79	180.606	1405.2	123.408
21	641.564	933.241	443.704	1469.49
22	876.202	355.18	2023	233.622
23	1055.25	565.64	989.353	875.76
24	902.219	681.592	1087.62	814.563
25	932.65	717.223	791.564	1040.56
26	966.223	765.185	808.35	942.242
XX
//
ID	DUX4:DUX:DUXA:PHOX2A:PROP1:PHOX2B
XX
P0	A	C	G	T
0	37930	20234	21105	38633
1	36924	21630	18947	42005
2	20861	6625	4286	87461
3	95672	2176	12577	7365
4	112991	505	550	1009
5	8420	19553	3208	90409
6	3142	60425	9204	45255
7	49183	21892	8934	38072
8	105691	5144	4978	2364
9	109622	709	3910	1523
10	932	348	377	113374
11	5281	47649	1326	62790
12	99927	2221	3063	12791
13	38015	17556	19831	44114
14	39731	21151	20358	36663
15	37813	20404	20023	39663
16	35405	23631	23510	35357
XX
//
ID	ZNF93:TAF1
XX
P0	A	C	G	T
0	969	506	680	731
1	1092	500	555	739
2	679	307	1755	147
3	440	281	2037	130
4	292	1206	228	1162
5	1500	193	1082	113
6	70	121	1962	735
7	200	2604	26	58
8	1117	120	1574	77
9	53	58	2750	27
10	164	2549	72	103
11	1749	128	898	113
12	109	103	2644	32
13	170	2498	127	93
14	435	211	2047	195
15	208	203	2409	68
16	526	1205	311	846
17	664	325	1535	364
XX
//
ID	ZNF707:ZNF530
XX
P0	A	C	G	T
0	475.981	493.739	512.847	673.433
1	495.089	646.605	493.739	520.567
2	437.764	901.382	391.828	425.025
3	514.197	595.65	410.936	635.217
4	393.178	302.656	1016.03	444.134
5	57.7006	1630.38	334.955	133.962
6	38.5924	2052.22	32.5924	33.5924
7	13.5924	1989.57	16.9618	136.873
8	42.5924	2039.22	9.59236	65.5924
9	1148.81	70.2866	18.5924	919.312
10	125.242	1405.59	197.675	428.497
11	95.7643	89.0255	296.586	1675.62
12	5.59236	1816.22	12.5924	322.592
13	13.5924	2036.01	16.9618	90.4395
14	196.936	422.172	57.5478	1480.34
15	49.9618	29.3312	1079.18	998.529
16	96.8089	124.873	1411.54	523.777
17	41.5924	1008.27	65.9618	1041.18
18	1152	344	248	409
19	434	1018	320	381
XX
//
ID	RFX6:RFX4:RFX7:SREBP1:RFX5:RFX2:RFX1:RFX3
XX
P0	A	C	G	T
0	5777	19516	14493	8505
1	3175	2323	37152	2888
2	2728	1887	2748	37365
3	7138	4266	1816	34001
4	12775	2651	23671	6305
5	2109	33670	3166	7307
6	295	40528	319	6164
7	32266	7215	525	1699
8	1277	1576	436	41857
9	13598	104	32847	75
10	5662	357	40220	65
11	2694	34089	940	8907
12	40075	157	2213	1505
13	40445	295	450	234
14	570	43624	556	1071
15	9037	15544	18707	4873
16	13341	9340	10524	12385
XX
//
ID	GATA1::TAL1:TAL1:GATA1:MECOM:GATA4:GATA3:GATA6:TRPS1:GATA2:GATA5
XX
P0	A	C	G	T
0	86777	57851	57854	86789
1	86781	57855	57855	86780
2	85260	58191	55390	90426
3	78764	55400	54729	100381
4	92002	54645	50890	90960
5	34771	84491	34834	138287
6	16194	230144	23731	19229
7	7760	6292	2898	271955
8	59328	4740	3710	221054
9	274005	4606	3962	5928
10	5367	3296	2131	277707
11	4786	274029	3397	6289
12	46029	10353	8042	226457
13	72110	65939	71922	78531
14	80606	66758	43401	98512
15	86448	58050	58438	86341
16	87021	58097	57859	86300
17	86278	58194	58583	86222
18	86589	58088	58343	86257
19	87164	57959	57697	86457
20	86622	58243	58783	85629
21	85362	61946	56805	85164
22	90121	56840	56838	85478
23	85390	57734	60594	85559
XX
//
ID	RREB1:KLF17:SALL4:KLF4:SP8:KLF9:KLF2:KLF6:KLF3:SP9:KLF16:KLF11:KLF13:SP3:KLF7:KLF1:SP4:KLF5:KLF14:SP2:KLF12:KLF10:KLF15:SP1:ZBTB14:WT1:EGR1:EGR4:EGR2:EGR3
XX
P0	A	C	G	T
0	80872	59999	55446	79200
1	70201	63208	76164	60173
2	89290	50490	99595	40317
3	26731.7	207933	20498.7	22016.3
4	12786.3	224339	13981.4	19485.1
5	137151	102926	25765.9	9160.2
6	4671	257805	2417	4447
7	94990.5	11279	168244	20442.5
8	6244	256765	3618	2445
9	25266	218712	14028	10853
10	2891	254566	4163	9387.88
11	108016	104413	14168.8	42867.7
12	36168	153629	36851	45239
13	76811	65056	74716	64590
14	59069	87499	43916	85900
15	79855	66276	51913	81949
16	75672	63757	55761	79169
17	81562	54317	55036	83400
18	81931	54950	54763	83161
19	82474	54984	54982	82471
XX
//
ID	HIF1A:ARNT::HIF1A:EPAS1:TCFL5:HES5:CLOCK:HES6:CREB3L2:ARNT:MYC:MYCN:HEY2:HES1:HEY1:HES2:SOHLH2:NPAS2:MAX::MYC:ARNTL:MNT:MAX:ARNT2:MLXIP:MLXIPL:BHLHE40:HES7:TFEC:MLX:TFE3:BHLHE41:USF2:SREBF2(MA0828.2):MXI1:SREBF1(MA0829.2):TFEB:MITF:USF1
XX
P0	A	C	G	T
0	134359	92735	92685	135262
1	135372	92399	93437	133833
2	139716	88332	95015	131796
3	120323	69468	142370	107417
4	129697	57980	258177	98721
5	46000	53611	152471	245143
6	2881	416744	3286	5718
7	347099	2388	73247	4769
8	1057	397785	5207	24581
9	80634	10398	338630	977
10	13553	41045	2285	414678
11	1758	2014	418112	2742
12	233877	98702	68847	48995
13	59598	207832	69990	122780
14	124721	113201	81108	138370
15	133458	95205	88401	137797
16	133834	93442	92394	135371
17	135265	92689	92729	134358
XX
//
ID	ZNF331:ZNF554
XX
P0	A	C	G	T
0	453	516	312	372
1	423	629	245	356
2	288	599	226	540
3	302	161	183	1007
4	132	61	1415	45
5	47	1526	12	68
6	1036	85	121	411
7	38	42	1544	29
8	1441	28	161	23
9	135	30	1483	5
10	26	1388	38	201
11	165	1338	42	108
12	552	690	191	220
13	485	342	257	569
14	434	331	446	439
15	405	310	314	621
16	552	250	448	400
17	415	289	581	365
18	454	279	418	499
19	414	290	458	488
20	425	292	367	566
21	536	283	442	389
22	408	557	275	410
23	437	307	302	604
XX
//
ID	NFIB:NFIX(MA1528.1):NFIC::TLX1:NFIC(MA1527.1):HIC2:NFIX(MA0671.1):HIC1:NFIA:NFIC(MA0161.2)
XX
P0	A	C	G	T
0	54630	37565	37473	56219
1	59220	34366	36377	52666
2	30716	61267	50955	38098
3	7319	29741	6801	151924
4	1226	599	9849	166735
5	442	171	177112	618
6	268	3538	177184	382
7	3744	181443	1243	2124
8	177072	8421	13527	14436
9	38998	65871	28231	46400
10	43173	46652	43844	43743
11	53621	36893	41474	52019
12	52462	37990	34633	58924
13	48223	32053	55693	50133
14	48050	55859	32048	48054
15	48042	55884	32033	48049
16	71451	34786	32289	48231
17	70501	35645	37606	52943
18	52227	39893	39841	52046
19	55599	37487	37168	55636
20	55810	37309	37278	55493
XX
//
ID	ZNF708:ZNF329:ZFP14:ZFX:ZNF770:ZNF135:ZNF460
XX
P0	A	C	G	T
0	1660	1156	1290	1622
1	1722	1453	1045	1509
2	1506	1087	1069	2067
3	1510	1299	1301	1619
4	1477	1390	1353	1509
5	1843	1088	1009	1789
6	1193.52	2014.34	985.121	1537.01
7	1351.19	1914.02	1221.31	1246.48
8	1197.98	1709.71	1053.97	1772.34
9	1453.8	568.904	2116.8	1597.5
10	222.796	3500.24	1558.8	459.166
11	186.815	4995.57	125.796	432.815
12	484.146	968.325	536.803	3751.73
13	525.338	2959.15	1817.95	438.554
14	1449.1	688.49	2049.11	1554.3
15	1546.57	242.771	3607.38	344.28
16	41.7962	5236.88	309.541	152.783
17	16.9809	5661.43	24.7962	37.7962
18	24.7962	72.7962	39.9809	5603.43
19	270.981	4384.59	761.796	322.631
20	699.72	4224.01	213.535	602.739
21	774	2833	604	1524
22	1771	810	2087	1064
23	2388	844	1476	1024
24	1479	981	1970	1300
XX
//
ID	TFAP2B(MA0812.1):TFAP2E:TFAP2A(MA0003.4):TFAP2C(MA0814.2):TFAP2A(MA0872.1):TFAP2B(MA0813.1):TFAP2C(MA0815.1):TFAP2C(MA0524.2):TFAP2A(MA0810.1):TFAP2B(MA0811.1):ZNF423:EBF1:EBF2:EBF3
XX
P0	A	C	G	T
0	59889	47990	49112	53550
1	50852	50114	49155	60315
2	31427	57189	42749	77365
3	14484	78293	92314	36653
4	1985	199989	3985	2575
5	2218	196853	2893	5853
6	4923	107389	11081	84779
7	74499	92637	20991	19843
8	119540	16477	62963	8769
9	11001	4465	191465	1689
10	4971	3485	198573	2318
11	16439	71377	122723	7481
12	95990	53543	33906	27953
13	62706	53502	49726	42660
14	59303	46856	41925	62463
XX
//
ID	SMAD3:SMAD5:SMAD4:SMAD2:HAND1::TCF3:ZBTB26
XX
P0	A	C	G	T
0	4660	3226	3242	4701
1	3212	5521	1791	6047
2	1462	2104	9652	1716
3	1056.29	1368	2191.06	11298.6
4	113	14642	151	34
5	12	5692.41	800	9213.59
6	14426	739	359	42
7	56	76	14727	43
8	14768	704	36	364
9	1181	13325	238	186
10	11046.9	2234.88	2387	3342.24
11	4367	3532	3714	4214
12	4693	3219	3323	4594
13	4686	3249	3232	4662
14	4642	3289	3167	4731
XX
//
ID	ZNF382:THAP11:SIX5
XX
P0	A	C	G	T
0	4064	451	674	723
1	1118	452	3129	1213
2	803	664	3850	595
3	2282	379	2463	788
4	774	373	4154	611
5	4085	578	639	610
6	653	2381	637	2241
7	4675	348	376	513
8	918	564	495	3935
9	591	3094	368	1859
10	5767	63	45	37
11	78	5485	188	161
12	605	1783	41	3483
13	5742	63	55	52
14	18	5712	48	134
15	3506	1472	167	767
16	1551	174	3719	468
17	4141	616	404	751
18	187	1663	127	3935
19	920	4600	149	243
20	492	4449	266	705
21	669	3437	298	1508
22	4179	369	596	768
23	545	3683	764	920
XX
//
ID	ZNF354C:FOXH1
XX
P0	A	C	G	T
0	943	2843	1493	2946
1	1582	2336	2140	2167
2	977	3264	3159	825
3	8215	3	3	4
4	7554	6	232	435
5	3	2	0	8222
6	2374	5789	0	64
7	1414	6813	0	0
8	8227	0	0	0
9	0	8226	1	0
10	7142	3	3	1077
XX
//
ID	ZNF335:REST:SIN3A
XX
P0	A	C	G	T
0	589	256	1333	508
1	454	538	1152	542
2	836	889	290	676
3	503	390	1284	515
4	316	1793	229	355
5	42	49	21	2590
6	105	348	2205	44
7	76	130	132	2368
8	3	2631	8	65
9	8	2571	9	119
10	1148	254	870	435
11	485	440	345	1437
12	138	62	2426	82
13	16	40	2637	16
14	36	68	13	2592
15	252	452	1805	200
16	38	2552	60	57
17	29	118	30	2528
18	117	54	2420	109
19	2055	256	310	78
20	1143	660	373	514
21	783	524	524	868
22	789	530	591	789
23	828	535	523	813
XX
//
ID	PROX1:ZNF274
XX
P0	A	C	G	T
0	9033	7997	9018	8653
1	11867	5522	18195	4363
2	1215	11482	2905	27188
3	20234	40	13634	2701
4	3506	529	4379	29777
5	74	5	34552	1
6	33482	40	1529	1244
7	1801	6256	29909	200
8	86	22	3471	31452
9	125	15030	8	29145
10	18	34548	18	26
11	4	3	128	34547
12	22	30090	39	6358
13	10762	1460	21145	5480
14	5105	16038	7677	13465
15	8654	6182	9580	10286
XX
//
ID	TBXT:TBX19:MGA::EVX1:TBX5:TBX4:TBX2:MGA:TBX20:TBX15:TBX1:EOMES:TBR1:TBX21:TBX3:ZNF18:TBX18:TBX6
XX
P0	A	C	G	T
0	61824	39779	42340	66836
1	58940	38598	42198	72707
2	49772	34117	33161	100552
3	65510	62505	43437	52033
4	76493	33429	46364	51483
5	49453	69669	33014	49607
6	84638	32968	34958	49404
7	52270	67652	34536	55080
8	59562	52855	42145	54448
9	57354	34682	36906	91229
10	171731	5334	29067	16056
11	27768	21968	166764	22946
12	9115	3368	193372	4966
13	569	12369	1522	192365
14	440	200	198753	266
15	11388	29745	3478	171917
16	7406	22935	185934	45865
17	177806	1334	5533	2431
18	105862	29886	28170	43582
19	85190	41610	39824	53741
20	65001	41966	43617	64898
21	63453	42639	42605	63525
22	64245	42848	42965	64242
XX
//
ID	NPAS4:AHR::ARNT:AHR:PAX3(MA1546.1):PAX5:PAX6:PAX2:PAX1:PAX9
XX
P0	A	C	G	T
0	6899	4595	6641	9584
1	3635	4986	8627	7698
2	4653	12950	2467	5556
3	13538	2300	3766	4632
4	6676	5217	6584	5182
5	4558	4106	2183	12583
6	3565	12415	7318	4535
7	13361	2609	4883	2669
8	8733	2654	3423	7827
9	572	3627	13922	7271
10	364	23371	640	629
11	2105	397	22334	184
12	279	300	948	21248
13	1711	249	22627	143
14	21214	770	799	1327
15	816	22632	774	752
16	3453	6486	11126	4326
17	7285	5495	6927	5863
18	7281	5082	5038	7405
XX
//
ID	LYL1:TFAP4::ETV1:ETV2::FIGLA:ETV5::FIGLA:ERF::FIGLA:TFAP4::FLI1:ERF::NHLH1:TCF12(MA1648.1):TCF3:FIGLA:SNAI1:PTF1A(MA1620.1):RBPJL:MYOD1:ASCL1(MA1631.1):TCF4:ZEB1:SNAI3:SNAI2:ASCL1(MA1100.2):BHLHA15(MA1472.2):TCF12(MA0521.2):MYF5:PTF1A(MA1619.1):MYOG:OLIG2(MA1997.1):TWIST2:BHLHE22(MA1635.1):NEUROD2(MA1993.1):TFAP4(MA0691.1):TCF21(MA0832.1):ASCL2:FERD3L:NHLH1:NHLH2:TGIF2LY:TGIF2LX:TGIF2:PKNOX2:TGIF1:MSC:MYF6
XX
P0	A	C	G	T
0	228850	151998	159075	228159
1	228328	151562	163246	229214
2	219600	145134	191692	216934
3	193147	186738	159210	226220
4	201227	204339	220910	147931
5	264086	171111	267762	75685
6	5485	741135	5414	7774
7	729180	8453	16835	6539
8	4319	315864	439004	21628
9	19378	717721	32886	6609
10	5625	14998	10057	726604
11	8116	7490	739217	4786
12	46894	304875	111395	299590
13	127705	249292	173078	222254
14	227127	174298	169226	210202
15	186383	237045	140512	204477
16	219422	189503	143774	216148
17	216934	154904	176228	225393
18	221073	156912	167291	224670
19	224823	158734	150076	238274
20	230938	153970	153962	230898
XX
//
ID	PBX3:PKNOX1:MEIS1(MA0498.2):MEIS2(MA0774.1):MEIS3
XX
P0	A	C	G	T
0	41219	28127	28608	41147
1	38957	29651	29957	40539
2	39201	30101	29887	39915
3	33454	20274	22249	63127
4	29518	19811	60936	28839
5	70821	19227	19968	29088
6	28661	24032	42927	38025
7	10573	7038	4786	128883
8	701	2501	129938	774
9	128213	3444	4215	980
10	863	130045	797	2344
11	125748	1088	12568	7011
12	22111	22022	71539	22908
13	35166	37236	33218	32501
14	37504	30464	29075	42061
15	40027	29311	30788	38978
16	41119	28217	28633	41132
XX
//
ID	SOX21:SOX1:SRY:DMRT1:SOX12:SOX14:SOX18:SOX15:SOX11:SOX10:SOX6:SOX4:SOX9:SOX2:SOX13:SOX3:SOX8:SOX17:SOX5
XX
P0	A	C	G	T
0	53486	35709	36267	52239
1	52690	37882	37092	50361
2	56445	31987	44844	46105
3	56714	25912	55967	45325
4	85216	24074	28612	40984
5	170186	1137	3268	2437
6	2143	162851	2848	6578
7	167503	1953	1004	3657
8	164536	3427	3350	3374
9	36674	1766	1998	137307
10	18507	2239	147045	9589
11	29043	17297	93100	37402
12	56197	40089	33690	45643
13	68804	31209	32066	44893
14	44898	39915	40544	51944
15	47726	31771	31845	65757
16	47645	31760	49878	47643
17	47753	31809	31844	65757
18	48109	32902	32636	64810
XX
//
ID	ZNF257:ZKSCAN5:TFDP1:E2F6:ZNF684:ZBTB17:ZSCAN22:ZNF263:SP5:EWSR1-FLI1:ZNF467:ZNF610:ZNF281:ZNF148:MAZ:PATZ1
XX
P0	A	C	G	T
0	44956	30028	30127	44935
1	45061	29940	30172	44875
2	44952	29895	30390	44811
3	44611	29980	30173	45184
4	45092	30425	30082	44606
5	42055.6	31606.9	38949.7	37417.8
6	31557.3	36030.2	53959.5	28645
7	34248.4	23666	68230.6	23814
8	18176.9	11102.1	109507	11246.6
9	4368.01	4548.45	138430	2665.05
10	1490.52	2204.52	144891	1465.52
11	112108	32439.9	1030.52	4418.54
12	4076.9	2596.52	140421	2934.56
13	1382.52	5833.65	141368	1398.52
14	61052.5	9027.98	73225	6734.46
15	46071.2	21876.2	72555.4	9681.3
16	52909	29118.5	45378.4	22727.1
17	40450.8	31381.6	45178.8	32972.8
18	41973.9	31725.2	36662.9	39679
19	44921.1	30084.6	31638.5	43564.9
20	44916	30004	30051	44975
21	44975	29916	30303	44852
22	44978	29921	30280	44867
23	45111	29915	30152	44868
24	45060	29921	30210	44855
25	44968	29928	30301	44849
26	44998	29922	30272	44854
27	45041	29951	30166	44887
28	45008	29961	30179	44897
XX
//
ID	TBP:SRF
XX
P0	A	C	G	T
0	330	202	157	1245
1	191	229	1221	488
2	743	688	221	283
3	61	1916	167	31
4	19	1833	29	328
5	1489	13	20	96
6	57	10	8	1945
7	1517	0	7	30
8	269	5	8	1731
9	1522	3	20	22
10	661	14	44	1195
11	163	53	2053	33
12	64	137	2022	55
13	345	252	798	717
14	419	1150	273	124
15	995	181	226	309
16	540	422	454	547
17	549	416	455	543
XX
//
ID	MYB:ZNF134
XX
P0	A	C	G	T
0	483	658	371	514
1	475	730	345	476
2	545	491	354	637
3	300	456	498	773
4	18	1923	11	75
5	1817	97	77	36
6	1738	216	42	31
7	40	1978	4	5
8	7	77	74	1869
9	23	18	1981	5
10	769	593	161	504
11	428	550	231	818
12	492	339	477	718
13	766	329	449	482
14	540	347	606	533
15	595	355	499	577
16	523	453	394	656
17	547	465	484	530
18	748	380	361	537
19	506	383	568	569
20	533	367	586	540
21	527	626	367	506
XX
//
ID	ZFP57:YY2:E2F8:E2F5:ZNF417:E2F2:E2F1:E2F4:E2F7:E2F3
XX
P0	A	C	G	T
0	21249.9	14289.9	14200	21088.2
1	21375.6	14086.3	14230	21136.1
2	22289.3	10866.9	17681	16620.9
3	23519.9	6795.02	8041.9	37568.2
4	21268.1	4951.92	5026.1	39854.9
5	16826.1	3674.22	5343.34	42707.4
6	7818.16	4316.1	12086.6	54482.2
7	1984.5	12534.5	58623.5	1382.5
8	354.497	13368.5	50877.5	463.497
9	187.485	62919.6	1072.5	191.389
10	356.497	67.497	64136.5	242.497
11	158.497	63362.5	508.497	355.485
12	5331.44	57523.6	8757.5	1213.47
13	56066.5	8486.47	3015.5	6172.5
14	49111.6	7411.85	3414.19	14749.3
15	50842	6257	5191	13902
16	41730	5907	4850	21104
17	16735	17397	10108	23217
XX
//
ID	REL:MZF1:RELB:RELA:NFKB1:NFKB2
XX
P0	A	C	G	T
0	11953	8074	8507	11214
1	12038	7783	8379	11548
2	11146	8162	9571	10869
3	16429	5669	5559	9187
4	470	202	42662	216
5	229	121	42851	263
6	235	83	42910	802
7	2383	163	41362	1125
8	34022	1298	2382	1400
9	16076	614	626	19311
10	1204	3323	2236	31474
11	3988	25042	2520	6532
12	3600	29007	2680	2950
13	3467	27972	2308	3462
14	3479	28245	2411	3578
15	6680	5911	8116	17896
XX
//
ID	TFCP2L1:TP73:TP63:TP53
XX
P0	A	C	G	T
0	11606	2570	14603	8201
1	21859	1114	10395	3001
2	92	40015	438	893
3	23515	3646	7257	1535
4	6641	675	1397	31676
5	32	100	38833	12
6	1441	14856	357	20827
7	2679	28398	1112	9869
8	5138	18719	5866	8508
9	9568	6696	14398	5614
10	10879	1851	27812	3461
11	23633	329	12760	1337
12	17	38969	255	43
13	27011	4380	495	6175
14	4226	781	1445	29482
15	376	151	37792	85
16	2332	7643	1362	27550
17	6500	14887	1980	15547
XX
//
ID	ZNF701:ZBTB7B:ZBTB7C:GLI1:GLI2:GLIS2:GLI3:GLIS1:GLIS3:ZIC4:ZIC1:ZIC5:VEZF1:ZNF740:CTCF(MA1929.1):CTCF(MA0139.1):CTCF(MA1930.1):INSM1:CTCFL
XX
P0	A	C	G	T
0	35299	24834	23737	35392
1	34124	25930	23363	35847
2	33932	22424	24779	38129
3	33226	24245	28261	33532
4	35250	27579	22380	34055
5	37981	22977	23830	34476
6	34793	23417	25485	35569
7	33915	23294	23447	38608
8	34563	24094	24085	36522
9	34194	27086	23167	34817
10	34466	26691	23151	34956
11	35568	24690	23895	35111
12	34917	25037	24624	34686
13	35280	24896	23801	35287
14	35499	24126	23954	35685
15	34866.8	24132.9	25426.4	34842
16	34714.5	25148	23064.6	36344
17	31226.8	18057.8	36408.5	34376
18	18797.6	86478.1	14100.3	11071
19	44122.3	18486.9	30382.9	24574.9
20	16797.6	77854.9	6728.98	20351.5
21	64438.3	39416	16022.8	14812.9
22	19234.5	17008.7	78400.5	5125.36
23	5246.45	76652	5044.26	36903.3
24	41841.5	3515.21	62227.9	2723.31
25	636.405	844.976	105803	2404.79
26	4789.88	816.976	103123	482.976
27	3090.88	2752.6	79741.6	26954.9
28	1255.55	1346.98	106385	2222.5
29	1333.12	1037.98	104960	2955.88
30	2232.55	38221.3	9979.36	70542.8
31	28152.5	78492.6	24351.8	6012.12
32	20763.2	34253.7	31930.8	32937.3
33	32945.8	26182.8	23557.5	35942.9
34	35574.1	24250.2	25527	33672.7
35	35685.4	23846.5	24048.8	35685.4
XX
//
ID	SPZ1:SIX3
XX
P0	A	C	G	T
0	36	11	38	24
1	75	10	10	15
2	26	7	19	58
3	56	10	35	10
4	7	9	91	5
5	4	2	100	7
6	16	1	94	1
7	1	0	5	105
8	105	0	3	4
9	6	0	2	103
10	2	106	2	1
11	102	3	5	2
12	19	46	18	29
13	27	31	22	32
14	43	10	13	43
15	37	24	20	30
16	11	13	26	61
XX
//
ID	BARX2:MYBL2:MYBL1:OVOL1:OVOL2
XX
P0	A	C	G	T
0	19133	13445	13717	16952
1	28613	9782	10286	20154
2	33349	2441	10887	18723
3	43389	3246	8988	22448
4	55102	5486	4483	9219
5	3251	47872	1573	11604
6	16124	59326	5632	3482
7	28443	56	40947	9
8	25	1434	69	59326
9	29	2068	9	59326
10	59326	421	655	4834
11	12676	20741	13375	27118
12	18105	15389	13679	18139
13	14834	22261	11370	26251
14	16407	14700	18260	17515
15	19882	13866	14250	20635
16	20506	13984	13613	21044
17	20318	14173	13536	20855
XX
//
ID	BCL11A:SPIC:ERF::HOXB13:ETV5::HOXA2:ETV5::DRGX:ETV2::DRGX:FLI1::DRGX:ELK1::SREBF2:ERF::SREBF2:ETV2::HOXB13:ZBTB7A:ETV6:ETV7:ETV3:ERF:ELK1::HOXB13:HOXD12::ELK1:ELK1::HOXA1:HOXB2::ELK1:SPDEF:ELF4:ELF2:ETV4:ETS1:ELK4:FEV:ELK3:ELK1:ETV5:ETS2:FLI1:ETV2:FOXJ2::ELF1:ERF::FOXI1:ETV5::FOXO1:ERF::FOXO1:ETV5::FOXI1:FOXO1::ELF1:ETV2::FOXI1:FLI1::FOXI1:FOXO1::ELK1:FOXO1::ELK3:FOXO1::FLI1:IKZF1:ELF5:SPIB:SPI1:GABPA:ETV1:ERG:ELF1:IKZF3:EHF:ELF3:FOXN1:ZNF343:ZNF528:ZNF436
XX
P0	A	C	G	T
0	246621	175162	174968	252703
1	243265	162665	176837	270442
2	264130	154846	203743	228564
3	249058	199826	184264	223989
4	309741	181116	166903	177494
5	399144	123474	202764	176115
6	477811	158361	148622	112030
7	93970	529923	219472	25674
8	417488	338473	73683	12750
9	13750	4361	763225	39844
10	7897	4934	791566	7181
11	791989	8057	6764	4953
12	761398	12057	8656	50283
13	120166	35845	698687	7808
14	57259	148179	43027	611578
15	204969	107990	450809	114242
16	234719	160499	277873	175409
17	250860	178139	195982	229104
18	271223	162873	176732	243814
19	266990	167859	167229	251961
20	260047	170948	169746	252613
21	256834	170072	170321	254197
22	255452	170398	170692	255659
23	255891	170410	170391	255555
XX
//
ID	HINFP:ZFP335:NRF1
XX
P0	A	C	G	T
0	2365	3530	5043	2355
1	2674	4396	2699	3524
2	1459	7320	3442	1072
3	920	1940	984	9451
4	482	706	11975	219
5	694	11924	457	320
6	562	239	12324	243
7	150	12308	607	241
8	4333	5570	3000	418
9	131	577	449	12126
10	68	655	12419	88
11	183	12571	206	269
12	292	629	11660	756
13	438	8885	1042	2871
14	4267	2572	4994	1403
15	3920	2646	2716	3950
XX
//
ID	MSANTD3:NKX2-2:NKX2-5:ISL2:NKX3-1:NKX3-2:NKX2-1:NKX2-4:NKX2-3:NKX2-8
XX
P0	A	C	G	T
0	29537	18572	18834	28773
1	28217	20466	18524	28508
2	32820	18553	18529	25816
3	31829	18083	20826	22373
4	18225	54558	24984	7082
5	1428	84843	578	6265
6	85350	1878	677	3509
7	4214	86283	804	1557
8	1299	982	1178	86112
9	1366	35412	1338	56698
10	54683	8578	25256	5084
11	76061	8590	11982	12543
12	32282	21549	24468	16393
13	29434	22670	18642	25025
14	27843	20499	19838	27535
15	27934	20100	19108	28574
XX
//
ID	GFI1B:GFI1:NFYB:NFYA:NFYC
XX
P0	A	C	G	T
0	16244	12835	11661	17576
1	16287	11807	11842	18380
2	18146	9495	18765	11911
3	16641	8807	19811	13058
4	4567	36363	8214	8657
5	20791	35436	1096	1011
6	56619	458	157	592
7	55662	697	916	532
8	529	901	291	56096
9	1046	48820	7230	724
10	49612	1846	4085	2962
11	5094	35341	16759	2957
12	18136	6144	13335	20186
13	10119	5445	34368	8683
14	8202	34397	5254	11685
15	25221	10832	9387	12360
XX
//
ID	ZNF250:ZNF8:ZNF211
XX
P0	A	C	G	T
0	681	276	2303	582
1	608	573	283	2378
2	2362	379	662	439
3	460	321	176	2887
4	1301	150	2010	383
5	199	428	2128	1089
6	3384	144	184	132
7	123	422	86	3213
8	2748	97	853	146
9	59	40	43	3702
10	3595	9	215	25
11	19	3785	10	30
12	61	3701	21	61
13	3632	34	110	68
14	144	2561	122	1017
15	2923	162	568	191
16	608	625	841	1770
17	454	202	203	2985
18	397	310	682	2453
19	392	286	336	2828
20	1047	706	699	1390
21	1047	706	696	1393
22	1047	699	706	1390
23	1069	701	1024	1048
24	1233	702	845	1062
25	1047	706	696	1393
26	1056	708	719	1359
27	1389	703	700	1050
28	1047	1010	706	1079
XX
//
ID	FOXD3:FOXM1:FOXP3:FOXD2:FOXE1:FOXB1:FOXC1:FOXC2:FOXN3:FOXO1:FOXK1:FOXO3:FOXA1:FOXL2:FOXA3:FOXP1:FOXA2:FOXL1:FOXO4:FOXJ3:FOXI1:FOXP2:FOXJ2:FOXO6:FOXF2:FOXG1:FOXF1:FOXK2:FOXD1:FOXQ1
XX
P0	A	C	G	T
0	278709	186327	187096	275794
1	277482	186424	184542	279970
2	281350	174407	173058	296921
3	398772	142485	202508	191048
4	324915	65002	149969	395316
5	110136	18748	771335	28408
6	27534	28658	14843	863010
7	853309	50215	11442	17135
8	826230	51585	15398	29357
9	882122	10513	12120	17532
10	14430	746607	13436	150029
11	872306	12615	10173	27739
12	230786	140730	146242	411491
13	281135	183266	222997	244601
14	269082	186509	193126	279869
15	278595	185774	185763	278444
16	278581	185709	185708	278530
17	278541	185718	185701	278582
XX
//
ID	ZBTB12:HSF4:HSF1:HSF2
XX
P0	A	C	G	T
0	3618	2099	2630	15597
1	1514	1438	1833	16599
2	263	19086	297	146
3	197	5616	3973	18940
4	16550	5074	8763	92
5	91	92	19187	132
6	19184	1003	161	944
7	19217	484	499	1880
8	1647	10316	3023	4492
9	5417	4668	5773	3618
10	2447	1838	1464	16040
11	1801	1124	1136	16139
12	1620	15662	1173	2011
XX
//
ID	GMEB1:GMEB2:SREBF1(MA0595.1):SREBF2(MA0596.1):FOSL1::JUND(MA1143.1):CREB3L4(MA1475.1):FOSL1::JUN(MA1129.1):JUN::JUNB(MA1133.1):FOS::JUN(MA1126.1):CREM:CREB1:FOSB::JUNB(MA1136.1):FOSB::JUN:FOSL2::JUN(MA1131.1):FOSL2::JUND(MA1145.1):FOSL2::JUNB(MA1139.1):ATF2:JUN(MA0488.1):JUND(MA0492.1):BACH2(MA1470.1):FOS(MA1951.1):CREB5:JUNB(MA1140.2):ATF7:JDP2(MA0656.1):ATF3(MA0605.2)
XX
P0	A	C	G	T
0	94491	62934	63005	94306
1	96136	60522	64035	94039
2	98498	58916	67410	89923
3	91049	65165	66040	91197
4	85787	49535	114070	62648
5	188065	22735	98327	13129
6	3463	3204	2344	303135
7	3721	4515	295618	15567
8	301268	2802	3723	4192
9	4164	158353	43694	107256
10	11226	6500	292181	2895
11	11588	10425	2066	287839
12	32713	277234	4887	3663
13	303766	2186	3220	2839
14	15179	81157	30758	194160
15	75578	98061	58024	80610
16	91368	63764	67648	90563
17	93062	64636	63728	93324
18	94411	62912	62899	94523
19	94388	62931	62913	94505
XX
//
ID	DDIT3::CEBPA:CEBPA:CEBPD:CEBPG(MA0838.1):CEBPB:CEBPE:DBP:TEF:CEBPG(MA1636.1):ATF4:HLF:NFIL3
XX
P0	A	C	G	T
0	85852	54471	61917	74691
1	74021	43990	72453	91469
2	160386	31213	73248	12549
3	3823	3398	2633	263739
4	2988	1338	71787	198212
5	135398	3107	125993	11878
6	11709	70435	6957	189986
7	10885	1799	262134	2847
8	24636	189129	2307	58742
9	266503	5784	810	2338
10	267702	1725	2219	2469
11	12902	63290	27326	173010
12	100173	80259	43487	58042
13	85933	55158	51878	83965
14	80719	56919	53878	85413
XX
//
ID	RXRA::VDR:NR1I2:PGR:AR:NR3C1:NR3C2
XX
P0	A	C	G	T
0	16183	9238	31079	17960
1	25167	363	42064	806
2	145	18	87334	124
3	27805	2316	9789	25368
4	50696	51	77	214
5	25	77067	53	29
6	54312	79	2091	332
7	10157	29158	5225	28003
8	26507	9196	15219	17621
9	35303	3252	23707	6070
10	699	1877	146	69955
11	33	28	90116	12
12	43	44	130	72171
13	23879	10710	2314	30346
14	73	69672	17	190
15	984	42024	841	27291
16	15853	27521	11301	14935
XX
//
ID	HOXD13:HOXB13:HOXA13:HOXA10:CDX2:HOXD9:CDX4:CDX1:HOXA9:HOXC10:HOXA11:HOXC13:HOXD11:HOXD12:HOXB9:HOXC12:HOXC9:HOXD10:HOXC11
XX
P0	A	C	G	T
0	89841	44046	48275	70233
1	73752	37020	78559	61239
2	36390	75365	140046	17339
3	7255	146468	1637	87701
4	155828	87540	2626	13464
5	192186	2117	54835	4755
6	1437	1268	1379	237582
7	224498	1799	2748	23100
8	236194	1311	1166	3435
9	233795	4096	2131	4547
10	198218	30141	21035	34719
11	67515	60082	32572	81136
12	78286	47921	46530	79981
13	77412	48217	46991	80228
XX
//
ID	ZNF75D:RBPJ:ZNF282:PRDM4:NFAT5:NFATC3:NFATC2:NFATC1:NFATC4
XX
P0	A	C	G	T
0	9047	6094	6095	9040
1	9039	6057	6037	9153
2	9125	6294	5997	9010
3	8999	6042	6298	8861
4	8879	5941	6524	8937
5	8793	5862	7122	8428
6	8308	6950	6729	8281
7	11043	6612	5028	6234
8	17173.7	5484.54	8519.25	4028.54
9	721.079	5333.95	787.818	21590.2
10	398.383	97.6767	26293.4	794.535
11	198.644	77.6767	27067.9	238.775
12	23809.7	376.666	4269.1	223.514
13	27464.7	50.818	306.677	123.818
14	27085.6	2275.52	704.644	1478.24
15	16749.8	13361.5	5147.86	4171.82
16	8652.61	5096.41	3760.88	10176.1
17	8714.95	6456.41	6713.74	8403.9
18	8462.06	6988.25	5644.67	9191.03
19	8590.95	6256.6	5732.81	9706.64
20	9138	6046	6142	8961
XX
//
ID	ARID3A:TCF7:LEF1:HNF1A(MA1991.1):TCF7L2:TCF7L1
XX
P0	A	C	G	T
0	6806	4346	4670	5872
1	7167	4462	4841	5269
2	11581	2067	3732	4322
3	2352	8148	7908	3295
4	13443	1337	917	6041
5	491	162	135	20925
6	758	19359	1200	386
7	21103	112	92	394
8	20565	380	416	337
9	21133	88	196	283
10	575	317	20510	309
11	5441	4395	8262	3599
12	6496	5837	5485	3890
13	7090	4429	4334	5853
14	6515	4353	4363	6474
XX
//
ID	ZNF85:TEAD3:TEAD2:TEAD1:TEAD4
XX
P0	A	C	G	T
0	52333	34845	34886	52232
1	52332	34898	34836	52230
2	44377	46770	34742	48407
3	41606	53877	32826	45987
4	132752	3749	29498	6229
5	16206	146884	6244	2161
6	165437	1871	1531	2215
7	1507	1841	1689	166017
8	12237	1834	4291	153684
9	3117	161588	2397	3952
10	2026	165236	592	3204
11	141022	6717	11979	34692
12	33287	25148	85528	30333
13	40053	45956	54253	34034
14	50584	42167	37053	44490
15	52188	34856	34988	52264
XX
//
ID	NFE2L1:MAFK:MAFG:NFE2L2:BACH1::MAFK:MAF::NFE2:MAFG::NFE2L1:MAF:MAFA:FOSL1::JUND(MA1142.1):JUN::JUNB(MA1132.1):FOSL1::JUNB:FOSB:BNC2:ATF3(MA1988.1):JUN(MA0489.2):JUNB(MA0490.2):JUND(MA0491.2):FOSL1:FOSL2::JUN(MA1130.1):FOS::JUND:BACH1:FOSB::JUNB(MA1135.1):FOS::JUNB:FOS(MA0476.1):TRIM28:JDP2(MA0655.1):FOSL2:NFE2:BACH2(MA1101.2):FOSL2::JUNB(MA1138.1):FOSL2::JUND(MA1144.1):FOS::JUN(MA0099.3):FOSL1::JUN(MA1128.1):BATF3:BATF::JUN:BATF
XX
P0	A	C	G	T
0	229407	152716	152893	229128
1	233286	149066	153432	222116
2	249849	143887	147473	229947
3	258210	147664	151873	224565
4	193945	148469	179454	235265
5	167930	147759	273123	174853
6	449336	165841	118221	48899
7	10597	9215	6920	728265
8	11503	7285	694216	44836
9	719227	15687	5160	19455
10	29910	142426	551314	30827
11	8663	7778	9338	730001
12	33148	705199	7320	10122
13	734430	4676	7902	7895
14	48937	153451	131141	440874
15	177139	220118	187516	189340
16	225936	166202	161049	203973
17	219752	148631	143211	265160
18	231255	147494	146941	245166
19	222493	151647	150130	233638
XX
//
ID	LHX3:ARID3B:LHX8:HOXA6:MNX1:ISL1:HMX1:HMX2:HMX3:BSX:VENTX:BARX1:MEOX2:HOXB6:HOXC8:VAX1:HOXA7:LBX1:HOXA1:EVX1:EVX2:VSX1:VSX2:PAX4:NOTO:GSX1:VAX2:ALX3:LHX4:MIXL1:UNCX:RAX2:DLX1:HOXB7:DLX2:DLX5:DLX3:LBX2:SHOX:DLX4:NOBOX:EN2:PRRX1:DLX6:SHOX2:EN1:RAX:LHX2:MSX2:MSX3:MSX1:ISX:TLX2:LHX5:LHX9:PRRX2:HESX1:GBX1:GBX2:DRGX:ESX1:ARX:ALX4:ALX1:ARGFX:MIX-A:LMX1A:LMX1B:LHX6:LHX1:HOXA5:HOXB2:HOXB5:POU6F1(MA0628.1):MEOX1:PDX1:EMX2:EMX1:HOXA2:HOXD3:NKX6-2:HOXB3:HOXB8:HOXD8:HOXA4:NKX6-1:GSX2:HOXC4:HOXB4:HOXD4:NKX6-3:POU6F2:POU6F1(MA1549.1)
XX
P0	A	C	G	T
0	277420	184870	184970	277211
1	277276	184908	184938	277351
2	277374	184904	184964	277232
3	276450	185331	185139	277557
4	246853	187955	220123	249218
5	140460	302903	176644	259842
6	31373	39704	11942	849736
7	849770	42770	44082	25044
8	850121	2729	3864	3382
9	9014	11690	13459	849510
10	29705	84058	173052	730623
11	581196	17591	342061	48972
12	189091	249467	336719	132006
13	240959	208192	181340	278505
14	276099	184490	184638	279302
15	276552	185080	184750	277805
16	277233	184939	184955	277346
17	277313	184932	184887	277344
XX
//
ID	HNF4A(MA0114.4):HNF4G:NR1I3:VDR:RORB:RORC:NR2F6(MA0728.1):RARA(MA0729.1):RARB(MA0857.1):RARG(MA0859.1):NR1D1:NR1D2:PPARA:PPARG::RXRA:PPARA::RXRA:NR2C2(MA0504.1):THRB(MA1574.1):NR2F6(MA0677.1):HNF4A(MA1494.1):NR2F1(MA1537.1):PPARD:NR1H2::RXRA:RXRA:RXRB(MA0855.1):RXRG(MA0856.1):NR4A1:NR4A2:NR6A1:ESRRA:ESRRG:ESRRB:NR5A2:NR5A1:RARA::RXRG:RARA::RXRA:RARA(MA0730.1):RARB(MA0858.1):ESR2:PPARG:ESR1:NR2C2(MA1536.1):NR1H2:NR1H4:RORA(MA0071.1):RORA(MA0072.1):NR2F2:NR2F1(MA0017.2):NR2C1
XX
P0	A	C	G	T
0	172067	114429	114352	171560
1	172383	114147	114206	171659
2	162859	102647	116358	204989
3	183103	85755	185653	111561
4	170230	67350	230017	104975
5	108879	64414	273142	98556
6	89201	61706	213653	188532
7	81943	129874	75463	280814
8	141458	289455	49912	133554
9	316398	106311	97177	49172
10	370202	21860	83553	103634
11	487023	4580	82266	3444
12	4179	3284	515340	24441
13	4118	2250	376584	165877
14	13606	67613	24490	451898
15	5597	534476	12211	44357
16	506789	8541	59542	13771
17	150140	135931	115521	161287
18	171824	117606	123346	155843
19	168901	115099	115925	168676
20	172425	113176	146790	173123
21	171006	112638	120360	168314
22	174183	114246	114166	169661
23	168580	119037	115524	169140
24	169254	118424	115009	169632
25	169022	115065	112934	175148
26	170722	117197	114058	170955
27	173662	113903	114075	170812
28	171722	114475	114476	171735
XX
//
ID	OSR1:OSR2:ZKSCAN1:ZIC1::ZIC2:ZIC2:ZIC3:ZNF341:ZNF189:RHOX11:ZNF317:ZNF490
XX
P0	A	C	G	T
0	34319	25742	27791	32910
1	31870	31086	25014	32795
2	26292	39517	22334	32632
3	30570	26036	25912	37958
4	9392	64293	27415	20076
5	11604	89271	8832	10788
6	6723	9467	15075	89315
7	15996	3335	84912	16799
8	1318	114956	2164	2049
9	2413	5271	2801	109998
10	5350	3663	109519	2035
11	13777	14506	14877	78841
12	11876	17487	38048	53064
13	28627	47620	18301	26224
14	27689	41528	20562	30987
15	34639	29549	22569	34012
16	33670	24823	24705	37570
17	36510	24063	24112	36083
18	36113	24062	24482	36110
19	36524	24068	24070	36102
20	36248	24070	24337	36109
21	36509	24079	24073	36103
22	36105	24469	24071	36119
23	36206	24240	24071	36247
24	36125	24399	24074	36166
25	36479	24079	24090	36116
XX
//
ID	ZNF418:ZNF582
XX
P0	A	C	G	T
0	327	391	218	357
1	566.968	321.455	212.765	191.813
2	413.059	41.0321	374.626	464.283
3	74.1604	29.6845	922.428	266.727
4	662.31	151.246	105.118	374.326
5	341.717	7.68449	930.914	12.6845
6	68.508	8.68449	1182.73	33.0749
7	43.4225	1212.86	27.3797	9.3369
8	50.7701	236.283	20.6845	985.262
9	844.909	29.0749	371.898	47.1176
10	739.957	449.112	55.8128	48.1176
11	1279.64	2.3369	7.68449	3.3369
12	1171.08	8.3369	94.5508	19.0321
13	163.07	7.68449	1073.48	48.7701
14	10.6845	948.861	41.3369	292.118
15	1241.9	24.3797	5.3369	21.3797
16	572	204	211	306
17	344	361	257	331
18	512	218	233	330
19	369	224	374	326
20	498	234	236	325
XX
//
ID	ZBTB48:PRDM14:ZNF768:ZNF574
XX
P0	A	C	G	T
0	4808.56	3320.66	3430.59	4780.19
1	4698.63	3093.71	3685.91	4861.75
2	3265.69	4325.97	6384.08	2365.26
3	3631.17	3406.43	2379.98	6923.43
4	574.608	1747.51	559.15	13459.7
5	15703.5	139.401	287.055	211.055
6	790.055	905.947	14510.9	134.055
7	13899.2	235.203	1784.82	421.728
8	585.484	609.73	14876.7	269.055
9	13304.4	1776.04	619.097	641.503
10	722.281	12893.8	2299.8	425.111
11	1093.98	11683.8	2567.35	995.844
12	3045.68	6002.83	2172.33	5120.17
13	3884.24	3806.61	4175.28	4474.87
14	4720.76	3622.02	3629.87	4367.34
15	5084.48	3232.72	3321.51	4701.3
16	4701.3	3260.76	3690.66	4687.28
17	4785.41	3443	3302.81	4808.78
18	4892.89	3251.41	3419.64	4776.06
19	5079.8	3195.34	3386.93	4677.93
XX
//
ID	ZNF680:PRDM6:ZFP28
XX
P0	A	C	G	T
0	1910	1267	1266	2238
1	1913	1318	1536	1914
2	1965	425	3746	547
3	1975	1491	1214	2003
4	759	5036	242	646
5	1326	4691	190	476
6	5886	253	352	192
7	5100	66	1290	227
8	332	118	6192	41
9	6380	44	155	104
10	6009	19	508	147
11	528	68	5991	96
12	6555	50	49	29
13	4886	815	196	786
14	1039	401	261	4982
15	1993	923	1934	1833
16	4252	595	578	1258
17	2028	1249	1579	1825
18	2388	1232	1258	1803
19	2150	1278	1332	1921
XX
//
ID	ZNF264:ZNF121:ZNF549:ZSCAN31:THAP1
XX
P0	A	C	G	T
0	5556	3821	3726	5757
1	4540	3504	5101	4990
2	4190	2629	8486	4112
3	5693	5838	4143	4270
4	5253	7203	3000	4282
5	2335	2108	11418	2392
6	1640	12781	1785	1960
7	13492	1173	1450	2366
8	605	344	17021	313
9	553	317	17287	256
10	535	357	17126	154
11	430	17361	294	164
12	16117	1249	427	392
13	4527	1986	13572	774
14	1141	6579	2186	8304
15	7506	1584	1484	8800
16	9972	2589	2627	2953
17	2967	2718	3648	9928
18	4381	2471	9277	3156
19	4604	8716	2209	4297
20	5695	3875	3813	5479
21	6114	3655	3654	5439
22	5399	3685	4086	5692
23	5821	3794	3651	5596
24	5527	4066	3694	5575
25	5529	4051	3697	5585
XX
//
ID	BCL6B:BCL6:STAT3:STAT4:STAT1:STAT5A:STAT5A::STAT5B:STAT5B:ZNF136:ZNF410:ZNF143:ZNF76
XX
P0	A	C	G	T
0	20736	13966	14489	20823
1	20638	15445	13818	20876
2	20489	13763	15637	20393
3	20300	16616	13297	20758
4	21944	13281	15469	20211
5	20500	12692	16917	19745
6	20296	14360	13247	24998
7	18464	11464	23169	16963
8	17661	20034	11519	20672
9	20154	15698	10202	23540
10	1519	2845	1023	65417
11	2058	1104	7277	59148
12	7691	58344	2123	1564
13	2473	17750	4951	46982
14	17659	499	31075	19978
15	7682	133	61028	650
16	3007	193	64923	1055
17	61153	1281	2546	5058
18	59548	896	1713	8470
19	26500	8784	21332	14760
20	17787	14196	15077	21998
21	20863	16011	14023	19502
22	21226	14025	14560	20578
XX
//
ID	FEZF1:ZNF350
XX
P0	A	C	G	T
0	303	161	281	255
1	171	483	133	213
2	285	38	126	551
3	37	88	758	117
4	50	456	130	364
5	46	504	54	396
6	55	630	40	275
7	158	100	16	726
8	4	76	33	887
9	13	19	18	950
10	47	114	66	773
11	346	261	138	255
12	266	118	138	478
13	272	132	317	279
14	389	191	143	277
15	174	441	153	232
16	170	435	128	267
17	311	198	155	336
18	364	166	221	249
XX
//
ID	ZKSCAN3:ZNF816:PLAGL2:PLAGL1:ZNF416:ZNF692:ZNF682:ZNF449:ZNF667:ZBTB6:ZNF454
XX
P0	A	C	G	T
0	12107	8072	8132	12129
1	12116	8068	8117	12139
2	12081	8084	8139	12136
3	11894	8668	7979	11900
4	11740	8931	7943	11827
5	11969	8481	8117	11874
6	11712.2	7750.79	8703.32	12274.7
7	11510.2	7585.79	9232.42	12112.6
8	9953.26	12106.2	8641.79	9738.79
9	8662.47	11793.7	12008.8	7980.05
10	8195.98	4991.41	11711.9	15549.7
11	8988.32	1328.85	28963.3	1169.57
12	581.209	720.491	37059.1	2089.2
13	399.568	38547.1	934.568	568.773
14	499.463	35422.3	603.568	3924.65
15	434.568	37967.3	689.568	1358.57
16	20558.6	17742.4	1013.98	1135.05
17	20416.6	8181.79	7533.24	4316.4
18	5715.97	14927.1	14324.6	5482.41
19	8425.41	12908.4	9981.77	9130.41
20	10697.6	10330.5	9889.26	9526.61
21	11250	9542.36	8496.05	11152.6
22	11967.6	8663.64	7894.41	11916.3
23	11839.4	8407.23	7945.69	12249.7
24	11890.7	7971.33	8484.15	12095.8
25	12095.8	8176.46	8304.67	11865.1
26	11942	8048.26	8279.03	12172.7
27	11942	8048.26	8586.72	11865.1
XX
//
ID	NR2E1:NR1H3:NR1H3::RXRA:THRB(MA1576.1):RARG(MA0860.1):THRA:RARG(MA1553.1):RARB(MA1552.1):RXRB(MA1555.1):RXRG(MA1556.1):ZNF669:NR1H4::RXRA:NR4A2::RXRA:NR2F1(MA1538.1):NR2F6(MA1539.1)
XX
P0	A	C	G	T
0	10804	7206	7237	10785
1	10655	7542	7278	10560
2	10842	7272	7018	10882
3	13537	6084	7498	8779
4	14636	5776	6711	8607
5	8749	5723	13614	8726
6	8627	5758	13179	9115
7	8692	6022	5998	14621
8	8842	13162	5841	9320
9	14783	5738	5757	8695
10	10119	9871	6294	9861
11	9270	8015	8467	10280
12	13372	6615	6516	9706
13	16791	2998	12571	3097
14	24174	1122	8716	828
15	1660	451	33669	661
16	491	98	33639	2581
17	781	721	1406	32569
18	216	34137	678	1232
19	33420	260	1285	163
20	8517	8185	6011	12485
21	3159	7181	9764	15616
22	11664	2838	19934	3240
23	21133	10915	2464	3038
24	3779	27290	2114	3086
25	3361	22411	2423	8105
26	3767	9822	2924	18667
27	7053	9509	5071	14031
XX
//
ID	ZNF146:ZNF260:ZNF394:ZNF502
XX
P0	A	C	G	T
0	188	118	109	985
1	167	121	128	984
2	164	113	129	994
3	307	130	166	797
4	195	509	174	522
5	964	133	121	182
6	184	252	121	843
7	223	120	815	240
8	341	132	873	55
9	30	785	18	568
10	36	72	27	1266
11	93	374	825	109
12	273	879	13	236
13	991	44	217	149
14	59	37	103	1202
15	897	22	62	420
16	262	415	639	85
17	78	176	179	968
18	1158	77	39	127
19	46	126	102	1127
20	35	11	77	1278
21	17	1217	80	87
22	66	1180	1	154
23	1070	94	85	152
24	304	296	193	606
25	314	188	188	709
26	278	471	235	415
27	371	309	298	419
XX
//
ID	PBX1:MEIS1(MA1639.1):MEIS2(MA1640.1):PBX2:HNF1A(MA0046.2):HNF1B:POU4F1:POU4F2:POU4F3
XX
P0	A	C	G	T
0	36679	23142	25029	34227
1	33078	26921	30433	29290
2	32307	31081	17891	39732
3	29402	56096	14888	22575
4	81505	2802	28008	4118
5	1282	4281	3011	109133
6	50904	16825	4334	58388
7	106910	1657	1635	3717
8	106947	4012	1714	4470
9	5566	2110	1005	107579
10	15488	61273	14931	22341
11	101146	2643	2156	9992
12	14328	12675	9355	78372
13	15022	13994	17041	67287
14	62671	26072	16167	26775
15	72388	13914	15629	18226
16	22291	59015	15138	24969
17	34990	24105	22953	35493
XX
//
ID	MAFB:NRL:MAFF:ATF1:CREB3L4(MA1474.1):XBP1:CREB3:CREB3L1:ATF6
XX
P0	A	C	G	T
0	26286	16867	16996	25869
1	27939	16365	17238	24476
2	34599	11793	16640	21742
3	51712	6833	12312	18233
4	51992	5420	6699	21409
5	47081	6845	6495	26280
6	34107	13991	16254	20214
7	7301	7932	3893	69888
8	3231	2970	75930	2782
9	13451	67650	6387	1309
10	1127	1532	752	80884
11	1117	1153	78462	4124
12	82006	497	719	651
13	2084	75672	5335	6993
14	17633	6906	33614	23513
15	18548	17982	11812	35815
16	21883	14210	27015	21135
17	21405	14149	23658	26049
18	24784	29200	14539	22737
19	29085	17710	17426	22990
20	24512	17897	16479	26209
21	25522	16171	15928	27451
XX
//
ID	ZNF547:MTF1:ZSCAN4:KLF8
XX
P0	A	C	G	T
0	630	419	423	679
1	632	424	429	669
2	316	433	164	1676
3	320	44	2112	31
4	16	2096	3	44
5	1459	33	35	232
6	286	1806	40	16
7	1704	18	21	9
8	64	1863	14	314
9	777	399	617	163
10	18	2090	43	15
11	174	140	103	1857
12	153	71	2151	244
13	1127	540	240	387
14	1564	331	19	67
15	1421	54	226	42
16	1112	243	622	288
17	570	677	365	549
18	781	384	425	571
19	590	448	433	690
20	702	377	510	572
21	547	677	384	553
XX
//
