ID	HMBOX1
XX
P0	A	C	G	T
0	487	449	194	101
1	122	683	186	547
2	75	25	63	1231
3	1231	0	367	44
4	2	51	1231	5
5	26	1	5	1231
6	237	50	8	1231
7	1231	4	17	102
8	753	478	130	140
9	202	542	370	117
XX
//
ID	ZNF24
XX
P0	A	C	G	T
0	2055	17056	1345	2848
1	18028	1816	1967	1493
2	958	2102	739	19505
3	432	544	461	21867
4	326	22137	118	723
5	22437	219	501	147
6	97	887	128	22192
7	182	330	182	22610
8	354	22068	93	789
9	22034	402	589	279
10	1010	2062	811	19421
11	985	2128	1045	19146
12	2062	17701	856	2685
XX
//
ID	ZNF384
XX
P0	A	C	G	T
0	9460	4945	5650	10378
1	9116	7025	5133	9159
2	9522	3456	4678	12777
3	13125	7691	4721	4896
4	30354	7	13	59
5	30191	35	19	188
6	30072	21	26	314
7	30252	13	15	153
8	30202	26	14	191
9	30406	6	0	21
10	20322	2908	2767	4436
11	18916	3963	2898	4656
XX
//
ID	ZBTB32
XX
P0	A	C	G	T
0	882	764	65	1849
1	356	3	3057	156
2	5	1	3	3563
3	3560	5	0	0
4	0	3560	1	0
5	3556	3	4	8
6	0	3	3562	6
7	0	4	0	3558
8	2390	109	723	339
9	1559	213	215	1574
XX
//
ID	ZNF140
XX
P0	A	C	G	T
0	325	272	258	985
1	1140	173	341	186
2	279	38	1223	300
3	29	10	1788	13
4	1708	14	108	10
5	26	11	1787	16
6	10	875	36	919
7	522	6	1194	118
8	11	1	1812	16
9	1823	2	7	8
10	1816	9	12	3
11	8	87	27	1718
12	71	33	48	1688
13	19	10	1806	5
14	29	1606	22	183
15	221	128	69	1422
16	310	131	1241	158
17	338	159	1168	175
18	455	190	1005	190
19	234	290	248	1068
20	280	966	253	341
XX
//
ID	ZNF652
XX
P0	A	C	G	T
0	2045	2744	4106	3478
1	6158	2126	2230	1859
2	11418	372	317	266
3	11220	89	660	404
4	267	573	10998	535
5	7606	106	4279	382
6	178	109	11940	146
7	220	155	182	11816
8	240	274	249	11610
9	11708	215	205	245
10	9189	1216	1032	936
11	4035	2715	2185	3438
XX
//
ID	PRDM1
XX
P0	A	C	G	T
0	8762	17788	6638	22293
1	17153	12288	8768	17272
2	1199	52752	701	829
3	1283	467	826	52905
4	2181	1346	1011	50943
5	1813	488	561	52619
6	1377	53465	207	432
7	3549	1076	1390	49466
8	1710	52821	290	660
9	10522	13567	4098	27294
10	10124	17518	7861	19978
XX
//
ID	SATB1
XX
P0	A	C	G	T
0	11611	4807	4675	13131
1	11209	4284	5143	13588
2	11402	5320	7922	9580
3	262	33122	140	700
4	492	195	37	33500
5	33670	164	221	169
6	32708	115	120	1281
7	288	128	123	33685
8	32009	485	889	841
9	30660	881	1071	1612
10	8716	13196	2582	9730
11	12175	4803	3786	13460
12	13173	4715	5595	10741
XX
//
ID	ZNF214
XX
P0	A	C	G	T
0	400.327	210.784	289.216	99.6732
1	243.464	184.641	106.209	465.686
2	210.784	112.745	21.2418	655.229
3	158.497	707.516	34.3137	99.6732
4	955.882	34.3137	1.63399	8.16993
5	60.4575	21.2418	106.209	812.092
6	47.3856	668.301	86.6013	197.712
7	870.915	1.63399	125.817	1.63399
8	968.954	14.7059	14.7059	1.63399
9	119.281	236.928	387.255	256.536
10	230.392	21.2418	648.693	99.6732
11	99.6732	112.745	191.176	596.405
12	60.4575	772.876	158.497	8.16993
13	1.63399	988.562	1.63399	8.16993
14	21.2418	80.0654	1.63399	897.059
XX
//
ID	ZNF354A
XX
P0	A	C	G	T
0	385.135	304.054	60.8108	250
1	277.027	114.865	60.8108	547.297
2	736.486	87.8378	6.75676	168.919
3	682.432	141.892	33.7838	141.892
4	385.135	141.892	195.946	277.027
5	222.973	195.946	141.892	439.189
6	574.324	87.8378	277.027	60.8108
7	114.865	114.865	33.7838	736.486
8	844.595	6.75676	114.865	33.7838
9	844.595	33.7838	60.8108	60.8108
10	790.541	87.8378	60.8108	60.8108
11	195.946	33.7838	195.946	574.324
12	114.865	33.7838	844.595	6.75676
13	304.054	114.865	466.216	114.865
14	466.216	195.946	195.946	141.892
15	141.892	520.27	33.7838	304.054
16	277.027	141.892	141.892	439.189
17	709.459	222.973	33.7838	33.7838
18	520.27	33.7838	168.919	277.027
19	195.946	195.946	168.919	439.189
20	114.865	33.7838	60.8108	790.541
XX
//
ID	AIRE
XX
P0	A	C	G	T
0	16	11	5	9
1	8	8	6	19
2	6	6	8	21
3	2	0	36	3
4	0	0	33	8
5	13	2	1	25
6	16	4	1	20
7	15	6	6	14
8	14	3	6	18
9	21	4	6	10
10	16	2	3	20
11	9	6	3	23
12	0	1	36	4
13	0	0	40	1
14	9	4	10	18
15	3	8	8	22
16	18	1	7	15
17	17	11	4	9
XX
//
ID	NR2E3
XX
P0	A	C	G	T
0	11	4	4	4
1	18	2	2	1
2	18	1	3	1
3	2	2	16	3
4	2	0	2	19
5	2	20	1	0
6	21	0	1	1
7	18	3	2	0
8	22	0	0	1
9	19	0	3	1
10	6	2	13	2
11	1	2	5	15
12	3	16	2	2
13	17	3	2	1
XX
//
ID	ZFP82
XX
P0	A	C	G	T
0	16	57	29	396
1	7	24	12	455
2	5	406	7	80
3	53	395	7	43
4	392	38	30	38
5	103	29	164	202
6	45	56	36	361
7	18	121	34	325
8	35	281	81	101
9	348	51	32	67
10	33	249	43	173
11	61	62	114	261
12	305	72	92	29
13	311	63	24	100
14	71	39	105	283
15	86	58	31	323
16	14	260	34	190
17	16	107	4	371
18	54	313	13	118
19	33	139	28	298
20	94	292	13	99
21	11	58	12	417
22	16	95	12	375
23	11	333	19	135
XX
//
ID	ZNF264
XX
P0	A	C	G	T
0	48	149	54	249
1	116	175	41	168
2	54	75	45	326
3	31	143	85	241
4	253	90	98	59
5	145	77	56	222
6	359	61	51	29
7	335	22	38	105
8	72	14	391	23
9	16	10	439	35
10	146	71	274	9
11	72	409	13	6
12	339	21	39	101
13	3	404	77	16
14	36	49	105	310
15	387	32	53	28
16	414	43	15	28
17	7	82	19	392
18	16	302	90	92
19	58	278	83	81
20	114	261	25	100
21	327	68	45	60
22	25	100	53	322
23	38	197	42	223
XX
//
ID	ZNF322
XX
P0	A	C	G	T
0	56	46	333	30
1	220	40	77	128
2	40	25	342	58
3	74	298	21	72
4	21	420	6	18
5	32	44	19	370
6	137	21	290	17
7	41	160	218	46
8	43	62	48	312
9	350	68	18	29
10	3	458	3	1
11	206	35	77	147
12	6	169	279	11
13	208	41	44	172
14	14	7	420	24
15	23	384	22	36
16	42	352	18	53
17	49	41	71	304
18	37	59	317	52
19	128	84	187	66
XX
//
ID	ZNF41
XX
P0	A	C	G	T
0	89	175	44	41
1	249	35	46	19
2	37	252	25	35
3	260	22	49	18
4	248	3	87	11
5	24	7	304	14
6	39	12	275	23
7	137	3	208	1
8	331	3	10	5
9	155	26	163	5
10	79	69	41	160
11	151	76	71	51
12	184	41	89	35
13	124	13	174	38
14	87	75	144	43
15	19	260	41	29
16	338	2	6	3
17	13	318	16	2
18	81	242	8	18
19	290	4	43	12
20	41	17	40	251
21	34	60	226	29
22	247	16	42	44
23	54	29	228	38
XX
//
ID	ZNF563
XX
P0	A	C	G	T
0	120	64	221	94
1	47	52	317	83
2	82	81	235	101
3	139	134	125	101
4	11	41	73	374
5	3	444	4	48
6	175	243	11	70
7	50	90	76	283
8	79	156	136	128
9	177	69	149	104
10	55	314	85	45
11	132	149	16	202
12	89	13	313	84
13	17	59	341	82
14	16	395	84	4
15	358	97	4	40
16	134	62	269	34
17	9	447	9	34
18	93	85	50	271
19	27	90	333	49
20	77	201	33	188
XX
//
ID	TP73:TP63:TP53
XX
P0	A	C	G	T
0	14323	1164	14071	5276
1	26326	546	6827	1108
2	68	33911	33	327
3	28870	213	751	2027
4	5684	483	1056	26758
5	9	32	35158	1
6	334	11497	117	22021
7	3020	27032	1565	8294
8	4933	13372	5774	8106
9	7374	5250	17089	4431
10	7623	859	27215	2277
11	18937	254	13476	731
12	0	34884	2	8
13	31169	280	654	4204
14	1070	7235	342	23230
15	853	183	36247	84
16	1777	9579	298	20635
17	6977	13787	1754	10382
XX
//
ID	GCM1:GCM2
XX
P0	A	C	G	T
0	2701	8893	5529	5637
1	22759	1888	4309	306
2	184	195	120	22759
3	4634	306	22759	15
4	1086	22759	710	1007
5	645	256	22759	3881
6	0	4	22759	48
7	1	18	22759	10
8	238	5525	238	22759
9	22038	3045	8312	2254
10	1245	13716	5133	2865
XX
//
ID	MEF2A:MEF2C:MEF2B:MEF2D
XX
P0	A	C	G	T
0	8351	5418	5773	8153
1	8606	4135	6089	8867
2	7969	2337	9014	8583
3	2412	21284	1085	2654
4	630	4006	236	22502
5	23006	1277	1142	1930
6	19115	287	853	7073
7	25740	145	605	2338
8	25537	234	247	1673
9	26044	175	207	1015
10	497	411	215	26201
11	26712	53	460	111
12	3392	1216	21728	1469
13	12903	9611	1922	4150
14	9978	5838	3801	8080
15	8715	6119	4786	8078
XX
//
ID	SIX1:SIX2
XX
P0	A	C	G	T
0	2005	1455	1366	1733
1	1939	1463	1447	1710
2	1295	3131	1049	1084
3	1172	436	782	4169
4	261	99	5924	277
5	3978	396	363	1824
6	5934	282	72	273
7	6351	47	84	79
8	233	5326	182	820
9	698	5040	227	596
10	376	341	205	5639
11	369	123	5855	214
12	6272	82	96	111
13	699	794	1482	3586
14	2961	2172	636	792
15	1190	2744	732	1893
XX
//
ID	NR1H3:THRB(MA1576.1):THRA
XX
P0	A	C	G	T
0	327	221	252	308
1	255	371	256	226
2	286	207	90	504
3	464	165	471	44
4	810	14	229	27
5	68	6	973	38
6	26	25	931	91
7	123	106	96	843
8	78	753	51	192
9	982	18	32	49
10	87	578	176	234
11	233	203	312	322
12	134	219	176	542
13	286	273	414	98
14	881	83	181	52
15	62	72	986	30
16	70	26	924	72
17	258	105	134	681
18	89	918	134	92
19	982	22	47	20
20	248	366	164	293
21	375	213	222	298
22	321	214	271	302
23	316	227	242	323
XX
//
ID	ZBTB33:ZBED1
XX
P0	A	C	G	T
0	819	2017	411	3334
1	5137	891	419	339
2	150	76	43	5877
3	893	659	4341	13
4	10	101	14	5927
5	0	6718	4	4
6	145	0	6024	7
7	4	6647	3	162
8	18	6	6078	0
9	5971	80	126	52
10	16	2122	465	4031
11	5737	150	163	495
12	796	823	2749	1405
13	1710	1455	1170	2006
14	1770	1272	1236	2063
15	1781	1360	1393	1807
XX
//
ID	DMRT3:DMRTA2:DMRTC2:DMRTA1
XX
P0	A	C	G	T
0	5271	1410	1344	1241
1	5793	1452	965	2781
2	782	179	45	6105
3	3	2	6253	2
4	18	86	19	6253
5	6253	36	316	1449
6	2927	12	1659	2956
7	6	6253	18	0
8	5872	1391	1523	852
9	5763	952	1282	2339
10	1751	1276	796	3570
11	1677	1140	1055	3578
XX
//
ID	PAX7:PAX3(MA0780.1):CUX2:CUX1:ONECUT2:ONECUT3:ONECUT1
XX
P0	A	C	G	T
0	54678	27915	30082	40026
1	57780	25496	30389	39036
2	61461	25632	27034	40224
3	57514	17894	13611	76085
4	122770	6438	39470	14094
5	138567	704	4333	1233
6	1011	2468	844	139754
7	1486	135281	509	4711
8	86039	774	53336	1426
9	139422	361	637	1015
10	717	796	306	140028
11	115357	16162	15866	29032
12	75069	26021	16624	31991
13	52287	28552	25521	46342
14	45981	28546	28286	50194
15	47169	30004	29363	46471
XX
//
ID	MBD2:MECP2
XX
P0	A	C	G	T
0	52	67	67	41
1	42	66	74	45
2	35	51	106	35
3	5	70	99	56
4	0	230	0	0
5	0	230	0	0
6	0	0	230	0
7	0	0	230	0
8	127	40	62	1
9	64	13	131	22
10	71	37	76	43
XX
//
ID	CEBPA:CEBPD:CEBPG(MA0838.1):CEBPB:CEBPE:DBP:TEF:CEBPG(MA1636.1):ATF4:HLF:NFIL3
XX
P0	A	C	G	T
0	85406	53872	56893	80719
1	83962	51869	55135	85929
2	58039	43482	80242	100159
3	172977	27326	63284	12902
4	2469	2218	1723	267666
5	2338	810	5783	266465
6	58740	2307	189096	24632
7	2846	262096	1799	10885
8	189948	6957	70434	11709
9	11875	125978	3104	135380
10	198205	71773	1331	2977
11	263733	2621	3391	3809
12	12538	73241	31206	160375
13	91458	72446	43983	74010
14	74680	61910	54464	85841
XX
//
ID	MAFB:NRL:MAFF:MAFG
XX
P0	A	C	G	T
0	26907	17281	17410	26490
1	29450	16422	17635	24582
2	37940	10639	17626	20640
3	55220	5053	14142	16953
4	61110	2962	4600	19127
5	55578	4526	4361	24515
6	39355	13053	15003	19434
7	3155	4459	958	81693
8	994	645	84575	635
9	5114	81155	699	924
10	1016	629	223	84988
11	1101	470	82884	3502
12	84774	618	565	895
13	3366	69330	8552	8600
14	21988	8993	20766	35101
15	22375	25600	13828	26289
16	26498	17591	17613	26391
17	26399	17574	17729	26391
XX
//
ID	BARHL2:BARHL1
XX
P0	A	C	G	T
0	4848	4470	5394	3243
1	4858	5098	2776	5223
2	768	26	16	16815
3	16815	0	9	2065
4	16815	0	4	0
5	16815	149	1309	4313
6	489	16815	161	8589
7	1596	3	16815	1537
8	5366	3108	8837	4171
9	3118	4067	1769	10371
XX
//
ID	TFAP4(MA1570.1):MSGN1:ATOH7:TAL1::TCF3:TCF21(MA1568.1):NEUROD2(MA0668.1):OLIG3:OLIG2(MA0678.1):BHLHA15(MA0607.2):BHLHE22(MA0818.2):BHLHE23:OLIG1:NEUROG2(MA0669.1):NEUROG1
XX
P0	A	C	G	T
0	17489	11663	11657	17485
1	17329	11827	11981	15920
2	44089	3782	13792	4045
3	22848	26219	7492	716
4	527	53961	27	10
5	53962	69	2330	289
6	2627	1453	1402	51343
7	51507	1030	1515	2457
8	595	2661	13	53962
9	18	134	53961	530
10	1093	9611	29892	18754
11	4090	19714	2662	40314
12	16754	11636	12319	16343
XX
//
ID	HINFP:ZNF816
XX
P0	A	C	G	T
0	263	779	222	271
1	227	828	186	294
2	338	604	202	391
3	410	270	306	549
4	275	393	718	236
5	324	1080	140	91
6	1086	156	302	64
7	36	477	240	793
8	6	27	1499	29
9	3	10	3	1507
10	6	1424	25	15
11	5	1448	6	10
12	4	1064	478	31
13	13	1401	19	43
14	638	339	249	252
15	192	424	331	528
16	316	404	244	571
17	348	413	269	505
XX
//
ID	POU2F1::SOX2:NANOG:POU5F1:POU5F1B:POU3F1:POU2F1:POU2F3:POU3F3:POU3F2:POU3F4:POU2F2:POU1F1
XX
P0	A	C	G	T
0	43420	28091	28342	42280
1	42509	28692	28859	42072
2	39448	34697	27355	40759
3	40488	23082	26965	52803
4	49778	35951	23896	32198
5	115069	8804	7502	13214
6	1856	1016	667	133510
7	8397	4827	2058	127775
8	25107	925	396	113529
9	24604	6621	119104	2636
10	9093	128922	750	2493
11	131631	1982	2018	1739
12	1299	987	472	133049
13	99861	12175	16244	16459
14	55752	20962	14768	54635
15	34335	38970	24420	44977
16	53989	25071	24970	37722
17	53968	25031	24968	37449
18	43606	25247	24986	51335
19	44620	25548	33116	38918
20	39608	28734	34036	38752
21	42715	28506	28495	42613
XX
//
ID	CBFB:RUNX3:RUNX1:RUNX2
XX
P0	A	C	G	T
0	9407	7821	8350	9061
1	9141	7093	7442	10966
2	4079	5847	3758	20362
3	697	797	891	32787
4	363	393	32678	613
5	18812	6632	455	8304
6	291	385	32876	495
7	460	198	32962	427
8	388	432	645	32907
9	2670	4727	3219	25784
10	12035	3876	6107	13446
11	9015	8140	7539	9948
XX
//
ID	SCRT1:SCRT2:GRHL2:GRHL1:TFCP2
XX
P0	A	C	G	T
0	48790	36539	41063	44809
1	59857	32122	41087	38135
2	60596	24088	31703	54814
3	25790	25005	61704	58343
4	23506	121162	13950	13082
5	138564	15443	6882	10113
6	159768	1498	6300	3345
7	948	167925	1154	739
8	157038	5137	948	8408
9	17608	1921	147727	4230
10	4169	2435	159826	4345
11	5104	6943	2177	156845
12	20219	11203	80575	59217
13	32023	30213	60497	49572
14	39189	39936	39508	52209
15	47980	35759	32555	54907
XX
//
ID	DPRX:RHOXF1:GSC2:CRX:GSC:OTX1:PITX3:OTX2:PITX1:PITX2
XX
P0	A	C	G	T
0	61002	45938	36845	59021
1	49739	44307	49767	59907
2	45952	80152	21916	57145
3	8175	1565	1125	191057
4	186482	3339	9040	5354
5	194848	798	613	897
6	1848	918	12324	189072
7	5103	190129	3303	5030
8	4573	187948	11869	17642
9	34451	82889	26451	53205
10	56289	49944	32986	64183
11	56505	38844	41050	67692
12	61129	40850	40771	61346
13	61297	40795	40801	61203
XX
//
ID	ZNF675:ZNF586:PRDM9:PLAG1:ZNF320
XX
P0	A	C	G	T
0	1114.9	585.329	827.535	954.233
1	834.883	385.24	1571.28	694.596
2	614.498	380.662	1584.07	908.768
3	1257.4	162.951	1422.26	647.383
4	193.197	51.7684	3014.18	230.855
5	166.425	51.2022	3187.38	84.9888
6	832.318	887.082	1199.43	571.173
7	617.241	1741.23	498.991	632.534
8	1021.49	1178.62	341.298	948.591
9	1431.8	907.045	767.157	383.994
10	773.512	71.3712	2478.14	166.976
11	156.115	20.6899	3117.56	195.636
12	1620.39	111.631	1588.35	169.627
13	69.3869	10.2126	3289.88	120.519
14	86.9663	22.318	3239.07	141.65
15	1595.64	1285.94	424.529	183.884
16	1182.67	1466.2	350.113	489.021
17	1905.16	139.517	641.594	801.727
18	1597.51	625.053	927.603	337.837
19	2328.56	128.551	316.8	714.093
20	1778.79	180.606	1405.2	123.408
21	641.564	933.241	443.704	1469.49
22	876.202	355.18	2023	233.622
23	1055.25	565.64	989.353	875.76
24	902.219	681.592	1087.62	814.563
25	932.65	717.223	791.564	1040.56
26	966.223	765.185	808.35	942.242
XX
//
ID	DUX4:DUXA:PROP1:PHOX2B:PHOX2A:ALX1
XX
P0	A	C	G	T
0	37019	19627	20498	37722
1	36391	20681	18201	41206
2	20031	6551	4039	85567
3	95609	2161	9655	7330
4	109977	497	547	1001
5	8397	19546	3150	87453
6	3136	60237	9207	42428
7	48749	21007	8088	37201
8	102746	5109	4916	2352
9	106624	687	3909	1516
10	925	339	376	110352
11	5254	44767	1320	62668
12	97187	2175	3049	12564
13	37291	16359	19198	43622
14	38855	20606	19956	35449
15	37054	19735	19325	38752
XX
//
ID	ZNF707:ZNF530
XX
P0	A	C	G	T
0	475.981	493.739	512.847	673.433
1	495.089	646.605	493.739	520.567
2	437.764	901.382	391.828	425.025
3	514.197	595.65	410.936	635.217
4	393.178	302.656	1016.03	444.134
5	57.7006	1630.38	334.955	133.962
6	38.5924	2052.22	32.5924	33.5924
7	13.5924	1989.57	16.9618	136.873
8	42.5924	2039.22	9.59236	65.5924
9	1148.81	70.2866	18.5924	919.312
10	125.242	1405.59	197.675	428.497
11	95.7643	89.0255	296.586	1675.62
12	5.59236	1816.22	12.5924	322.592
13	13.5924	2036.01	16.9618	90.4395
14	196.936	422.172	57.5478	1480.34
15	49.9618	29.3312	1079.18	998.529
16	96.8089	124.873	1411.54	523.777
17	41.5924	1008.27	65.9618	1041.18
18	1152	344	248	409
19	434	1018	320	381
XX
//
ID	TCF12(MA1648.1):TCF3:FIGLA:SNAI1:MYOD1:ASCL1(MA1631.1):TCF4:ZEB1:SNAI3:SNAI2:TGIF2LY:TGIF2LX:TGIF2:PKNOX2:TGIF1:HAND2:NEUROD1:NEUROG2(MA1642.1):ZBTB18:TWIST1:MSC:MYF6:PTF1A:BHLHA15(MA1472.1):ASCL1(MA1100.2):MYF5:MYOG:TFAP4(MA0691.1):BHLHE22(MA1635.1):ATOH1(MA1467.1):FERD3L:NHLH1:NHLH2:LYL1:TFAP4::ETV1:ETV2::FIGLA:ETV5::FIGLA:ERF::FIGLA:TFAP4::FLI1
XX
P0	A	C	G	T
0	178146	118798	118952	178156
1	178192	118743	118930	178187
2	178167	118776	119011	178098
3	178293	118745	118912	178102
4	178298	118778	118883	178093
5	176180	116866	123946	175364
6	175616	116387	128208	176413
7	167591	109244	156209	164605
8	143234	149048	119404	176604
9	152561	153826	173075	117823
10	196977	140597	206835	57895
11	5593	564302	4913	7603
12	552289	6851	17956	6709
13	4058	298037	181458	122207
14	21555	540191	32251	6143
15	5618	13575	8393	552809
16	7665	6795	563337	4542
17	26794	249062	94712	221002
18	115074	200405	115651	172745
19	179453	132752	126165	165436
20	129307	205329	106737	150009
21	166481	154404	108693	163519
22	164076	119826	141139	172692
23	168343	121831	132037	172013
24	172206	123548	114982	185447
XX
//
ID	ZNF136:ZNF410:ZNF143:ZNF76
XX
P0	A	C	G	T
0	3062	2183	2706	3149
1	2964	3662	2035	3202
2	2815	1980	3854	2719
3	2626	4833	1514	3084
4	4270	1498	3686	2537
5	3139	916	5197	2600
6	3570	1474	1968	4621
7	2144	764	6819	1181
8	1776	3726	591	5287
9	10736	120	117	69
10	58	230	110	10701
11	37	610	612	10321
12	5642	3395	2063	320
13	55	210	65	10718
14	435	95	8213	2165
15	287	18	10500	113
16	121	50	10633	184
17	5498	950	352	4477
18	2753	545	1151	7514
19	1985	878	7830	1259
20	2861	1306	3962	2959
21	3510	3762	1621	2490
XX
//
ID	TAF1:YY2:YY1:ZFP42
XX
P0	A	C	G	T
0	4380	3143	3176	4425
1	4466	3094	3086	4478
2	4417	3076	3064	4567
3	4403	3334	3001	4386
4	3316	6814	2239	2756
5	10547	1201	1603	1774
6	10643	1767	1483	1234
7	4815	2913	6349	1050
8	14423	101	552	51
9	239	384	149	14355
10	109	141	14829	48
11	173	137	14587	230
12	1114	13050	74	889
13	1089	2155	8632	3251
14	1427	1704	10786	1210
15	2559	9091	1419	2058
16	3346	4080	4316	3384
17	4358	3114	3249	4403
18	4280	3431	3092	4321
19	4323	3210	3284	4307
20	4439	3048	3342	4295
XX
//
ID	RREB1:KLF17:SALL4:KLF4:SP8:KLF9:KLF2:KLF6:KLF3:SP9:KLF16:KLF11:KLF13:SP3:KLF7:KLF1:SP4:KLF5:KLF14:SP2:KLF12:KLF10:KLF15:SP1:ZBTB14:EGR1:EGR4:EGR2:EGR3
XX
P0	A	C	G	T
0	79465	59061	54508	77793
1	68794	62270	75226	58766
2	87883	49552	98657	38910
3	25855.7	206052	19704.7	20876.3
4	12119.3	222709	12820.4	18252.1
5	136312	99977.8	25361.9	8660.2
6	4623	253259	2359	4408
7	94870.5	11210	167925	16259.5
8	6223	252163	3576	2419
9	25226	214358	13953	10631
10	2848	250314	4043	9111.88
11	107166	100777	14067.8	42763.7
12	36137	149056	36805	45198
13	73517	65003	73726	64236
14	58911	83750	43480	85552
15	78180	64926	50985	81211
16	75152	61734	54723	78059
17	80155	53379	54098	81993
18	80524	54012	53825	81754
19	81067	54045	54043	81064
XX
//
ID	SREBP1:RFX5:RFX2:RFX1:RFX3:RFX7:HIC1
XX
P0	A	C	G	T
0	10857	7237	7253	10856
1	3284	16803	12308	6130
2	431	4	35974	20
3	21	105	48	31854
4	1278	2038	39	31154
5	8533	572	25778	2308
6	12	31168	252	5481
7	4	31263	29	5926
8	34426	204	407	508
9	459	279	383	31178
10	5901	91	31801	120
11	4805	283	31600	124
12	2199	22428	570	10759
13	30573	110	2556	4584
14	34811	170	183	170
15	154	35076	118	537
16	5731	12580	17478	3116
XX
//
ID	AHR:PAX3(MA1546.1):PAX5:PAX6:PAX2:PAX1:PAX9
XX
P0	A	C	G	T
0	4204	2798	4844	6889
1	940	3189	6830	5003
2	1958	11153	670	2861
3	10843	503	1969	1937
4	3981	3420	4787	2487
5	1863	2309	386	9888
6	870	10619	5522	1840
7	10806	332	2639	763
8	6371	449	1063	5770
9	32	3135	13197	44
10	30	15635	60	295
11	1590	47	14342	57
12	155	194	697	12745
13	1655	65	14001	25
14	13747	144	428	809
15	405	15335	122	128
16	1005	4792	9568	1042
17	5317	2974	4441	3854
18	4586	3285	3241	4710
XX
//
ID	BCL6B:BCL6:STAT5A:STAT5B:STAT4:STAT1:STAT3
XX
P0	A	C	G	T
0	9815	6745	6689	9599
1	9180	7855	6248	12831
2	9002	5493	11104	8401
3	8277	11473	5482	8120
4	2980	9934	4924	15561
5	1371	881	828	31471
6	390	383	6152	25928
7	1516	30307	66	1259
8	1262	11431	4743	18518
9	12268	413	13518	6950
10	3082	59	30105	175
11	2628	100	29516	792
12	32564	164	493	386
13	32643	101	170	596
14	13473	3368	8025	9404
15	9323	6431	6926	10138
16	10163	6943	6709	10050
17	10233	6846	6707	10050
XX
//
ID	NFIB:NFIX(MA1528.1):NFIC::TLX1:NFIC(MA1527.1):HIC2:NFIX(MA0671.1):NFIA:NFIC(MA0161.2)
XX
P0	A	C	G	T
0	51039	35171	35079	52628
1	56528	32482	31555	51056
2	29228	59638	39948	36878
3	6705	27474	4815	145784
4	909	596	7850	157727
5	374	140	166105	530
6	268	3417	166177	332
7	3561	170436	655	1174
8	166065	8348	13105	14374
9	38332	61201	27512	40063
10	39582	44258	41450	40152
11	50030	34499	39080	48428
12	48871	35596	32239	55333
13	44632	29659	53299	46542
14	44459	53465	29654	44463
15	44451	53490	29639	44458
16	67860	32392	29895	44640
17	66910	33251	35212	49352
18	48636	37499	37447	48455
19	52008	35093	34774	52045
20	52219	34915	34884	51902
XX
//
ID	ZNF335:REST:SIN3A
XX
P0	A	C	G	T
0	589	256	1333	508
1	454	538	1152	542
2	836	889	290	676
3	503	390	1284	515
4	316	1793	229	355
5	42	49	21	2590
6	105	348	2205	44
7	76	130	132	2368
8	3	2631	8	65
9	8	2571	9	119
10	1148	254	870	435
11	485	440	345	1437
12	138	62	2426	82
13	16	40	2637	16
14	36	68	13	2592
15	252	452	1805	200
16	38	2552	60	57
17	29	118	30	2528
18	117	54	2420	109
19	2055	256	310	78
20	1143	660	373	514
21	783	524	524	868
22	789	530	591	789
23	828	535	523	813
XX
//
ID	ZNF382:THAP11:SIX5
XX
P0	A	C	G	T
0	4001	409	632	660
1	1055	410	3087	1150
2	740	622	3808	532
3	2219	337	2421	725
4	711	331	4112	548
5	4022	536	597	547
6	590	2339	595	2178
7	4631	289	396	387
8	920	451	577	3755
9	588	2967	479	1669
10	5622	30	27	24
11	58	5330	171	144
12	602	1759	36	3306
13	5526	62	55	60
14	15	5519	40	129
15	3299	1467	172	765
16	1302	167	3696	538
17	4103	514	286	800
18	172	1660	113	3758
19	919	4409	148	227
20	485	4255	262	701
21	662	3258	290	1493
22	4087	358	507	751
23	505	3638	708	852
24	1728	1234	1139	1600
25	1822	1134	1135	1610
XX
//
ID	SRY:SOX21:SOX18:SOX17:SOX9:SOX13:SOX2:SOX8:SOX15:SOX10:SOX4:SOX3:SOX5:SOX12:SOX14
XX
P0	A	C	G	T
0	37395	24627	24469	36679
1	36743	25666	24495	36588
2	37745	26235	24829	36031
3	41304	17844	36273	33959
4	59305	18214	21673	25267
5	117156	743	2491	1813
6	1541	111516	1620	5315
7	115066	1338	697	2574
8	114394	2043	2235	1343
9	13672	1218	1162	107265
10	14471	1487	98406	8500
11	21850	11754	72135	16673
12	34713	29241	22792	34083
13	50902	21893	20356	29382
14	32065	21343	32067	37074
15	32085	21349	21411	47807
16	32011	21338	37140	32009
17	32034	21351	21371	47807
18	32280	22124	21818	47807
XX
//
ID	EBF3:EBF1:TFAP2B(MA0812.1):TFAP2E:TFAP2A(MA0003.4):TFAP2C(MA0814.2):TFAP2A(MA0872.1):TFAP2B(MA0813.1):TFAP2C(MA0815.1):TFAP2C(MA0524.2):TFAP2A(MA0810.1):TFAP2B(MA0811.1)
XX
P0	A	C	G	T
0	52004	42734	43838	45672
1	42974	44846	43886	52437
2	26740	51302	35071	69323
3	11256	71081	89095	24018
4	1789	174459	3609	2383
5	1705	172568	2634	4616
6	4487	82235	10839	84317
7	55240	88893	19564	17979
8	100372	15130	59312	6641
9	10264	4226	166329	1507
10	3695	3265	174154	1939
11	15468	70797	98582	6879
12	74188	52106	32189	26615
13	55630	45826	42813	38031
14	52625	39676	37092	54860
XX
//
ID	PROX1:ZNF274
XX
P0	A	C	G	T
0	9033	7997	9018	8653
1	11867	5522	18195	4363
2	1215	11482	2905	27188
3	20234	40	13634	2701
4	3506	529	4379	29777
5	74	5	34552	1
6	33482	40	1529	1244
7	1801	6256	29909	200
8	86	22	3471	31452
9	125	15030	8	29145
10	18	34548	18	26
11	4	3	128	34547
12	22	30090	39	6358
13	10762	1460	21145	5480
14	5105	16038	7677	13465
15	8654	6182	9580	10286
XX
//
ID	ZKSCAN1:RARA(MA0729.1):NR1D1:NR1D2:ESR2:PPARG:ESR1
XX
P0	A	C	G	T
0	26511	17679	17685	26511
1	7809	6289	10389	64068
2	41237	2625	38093	2311
3	2349	1313	75251	7973
4	2059	1245	78347	1948
5	4735	1296	7569	74071
6	218	47931	941	38464
7	82667	57	115	404
8	5678	13427	63686	4225
9	2837	4048	3223	74547
10	57103	3184	46269	1907
11	1678	1124	71379	19920
12	1408	496	81788	270
13	6161	6142	8031	69306
14	1751	72566	4258	9090
15	66664	7607	11497	3677
16	24511	18738	16759	27832
17	26203	17502	17866	26677
18	26317	17668	17773	26529
19	26515	17671	17672	26528
XX
//
ID	ISL2:NKX3-2:NKX2-4:NKX2-3:NKX2-8:MSANTD3:NKX2-1:NKX2-2:NKX2-5
XX
P0	A	C	G	T
0	20312	15863	13808	20566
1	22622	14612	14074	19244
2	20944	13999	15924	16660
3	12047	44692	20313	4342
4	1087	60873	383	5367
5	60648	1650	552	3279
6	4006	61546	697	1170
7	886	823	570	61772
8	1046	35178	958	32016
9	44769	8025	11027	4517
10	55949	7300	10771	10194
11	20991	17143	18831	12559
12	21553	15317	14445	19288
13	20772	15175	14954	19648
XX
//
ID	TBXT:TBX19:MGA::EVX1:ZNF18:TBX5:TBX6:TBX18:TBX4:TBX2:MGA:TBX20:TBX15:TBX1:EOMES:TBR1:TBX21:TBX3
XX
P0	A	C	G	T
0	63261	40737	43298	68273
1	60377	39556	43156	74144
2	51209	35075	34119	101989
3	66947	63463	44395	53470
4	77930	34387	47322	52920
5	50890	70627	33972	51044
6	86075	33926	35916	50841
7	53707	68610	35494	56517
8	60999	53813	43103	55885
9	57692	34409	37662	91843
10	177850	5864	29873	16713
11	28892	24695	169504	23643
12	9070	3084	195328	4895
13	455	13142	1370	194339
14	415	81	200447	177
15	11230	32569	3122	174967
16	8653	27036	188784	51372
17	179830	1821	7452	3052
18	102523	31460	29413	45539
19	86525	42657	39660	56311
20	66855	42939	44118	66358
21	64889	43597	43563	64961
22	65683	43807	43924	65680
XX
//
ID	MECOM:GATA1::TAL1:TAL1:GATA1:GATA4:GATA6:TRPS1:GATA2:GATA3:GATA5
XX
P0	A	C	G	T
0	78432	55843	52983	78263
1	78351	52087	52089	82994
2	78037	52054	57195	78235
3	78502	54032	53492	79495
4	79330	52946	53208	80037
5	79130	53592	53337	79462
6	79095	53832	53443	79151
7	79173	53108	53346	79894
8	79214	53687	53299	79321
9	90562	39671	60586	74704
10	72460	65429	59618	67237
11	206772	7664	9461	43230
12	5812	3145	251292	4497
13	254948	1841	3015	4942
14	5133	3488	4041	252084
15	199909	2754	3984	58430
16	250054	2634	5441	7022
17	17292	21868	211027	15357
18	122377	32471	80953	32828
19	82900	47473	49259	85107
20	93270	48589	50890	72771
21	83352	50618	53436	78109
22	79644	53102	53125	79650
23	79719	53089	53087	79626
24	79633	53098	53119	79671
25	79683	53093	53098	79647
XX
//
ID	PBX3:PKNOX1:MEIS1(MA0498.2):MEIS2(MA0774.1):MEIS3
XX
P0	A	C	G	T
0	41219	28127	28608	41147
1	38957	29651	29957	40539
2	39201	30101	29887	39915
3	33454	20274	22249	63127
4	29518	19811	60936	28839
5	70821	19227	19968	29088
6	28661	24032	42927	38025
7	10573	7038	4786	128883
8	701	2501	129938	774
9	128213	3444	4215	980
10	863	130045	797	2344
11	125748	1088	12568	7011
12	22111	22022	71539	22908
13	35166	37236	33218	32501
14	37504	30464	29075	42061
15	40027	29311	30788	38978
16	41119	28217	28633	41132
XX
//
ID	OSR1:OSR2:ZNF93:ERF::NHLH1
XX
P0	A	C	G	T
0	6780	4550	4558	6820
1	6925	4492	4584	6715
2	6755	4652	4479	6828
3	6799	4487	4476	6956
4	6225	5437	4245	6837
5	6721	4523	5114	6379
6	4331	8234	4476	5704
7	5037	5363	5456	6581
8	1692	1115	19607	702
9	265	21517	202	465
10	664	1204	404	20284
11	6468	1028	3321	12171
12	205	21718	266	235
13	307	4103	294	17711
14	341	446	21422	321
15	3108	4502	2853	13471
16	4554	4295	5976	7586
17	6083	4563	5867	6213
18	6224	5924	4300	6276
19	6244	5566	4346	6568
XX
//
ID	ZNF547:MAF:MAFA
XX
P0	A	C	G	T
0	3349	2130	2808	3573
1	940	2467	439	8879
2	397	302	11615	197
3	1314	11105	237	800
4	1442	1333	587	11271
5	1253	698	10842	1916
6	10582	2031	424	1766
7	1007	5505	5315	1285
8	1715	378	2351	10390
9	1887	11124	608	1034
10	11153	635	1158	1709
11	795	168	11061	1361
12	40	11679	274	359
13	8848	313	2478	1056
14	3519	2754	2259	3329
15	4015	2645	2859	3962
16	3966	2941	2629	3945
17	4177	2648	2689	3967
18	3986	2712	2697	4086
19	4098	2641	2774	3968
20	3943	2941	2648	3949
XX
//
ID	RXRA:RARA::RXRG:RARA::RXRA:RARA(MA0730.1):NR6A1:PPARA:PPARA::RXRA:NR2C2(MA0504.1):THRB(MA1574.1):HNF4A(MA1494.1):NR2F1(MA1537.1):PPARD:PPARG::RXRA:NR1H2::RXRA:RXRB(MA0855.1):RXRG(MA0856.1):NR4A1:NR4A2:NR2C2(MA1536.1):NR2F2:RORA(MA0071.1):RORA(MA0072.1):NR2F1(MA0017.2):NR2C1:ESRRG:ESRRB:ESRRA:NR5A1:NR5A2:VDR:NR1I3
XX
P0	A	C	G	T
0	79430	52836	53136	79214
1	80547	52444	53176	78381
2	78888	52157	54794	78774
3	79120	52679	54769	77548
4	75602	43046	81719	58195
5	94957	35128	82158	47515
6	50154	31504	117023	48423
7	45883	31900	117939	56662
8	41166	37333	38072	147115
9	40544	163540	32080	67727
10	174005	43752	22841	24781
11	199340	9238	43213	25250
12	220836	1928	28709	752
13	1316	799	230711	5663
14	997	433	184275	64564
15	3442	5276	11905	237645
16	1161	254328	7718	25842
17	240750	1353	37672	2424
18	62548	64526	43539	75331
19	79901	52964	56226	71520
20	77574	51987	54113	76991
21	80076	52631	86752	78666
22	79084	53592	52805	79299
23	79941	52716	53055	79086
24	79327	52873	52903	79275
XX
//
ID	MYB:ZNF134
XX
P0	A	C	G	T
0	483	658	371	514
1	475	730	345	476
2	545	491	354	637
3	300	456	498	773
4	18	1923	11	75
5	1817	97	77	36
6	1738	216	42	31
7	40	1978	4	5
8	7	77	74	1869
9	23	18	1981	5
10	769	593	161	504
11	428	550	231	818
12	492	339	477	718
13	766	329	449	482
14	540	347	606	533
15	595	355	499	577
16	523	453	394	656
17	547	465	484	530
18	748	380	361	537
19	506	383	568	569
20	533	367	586	540
21	527	626	367	506
XX
//
ID	REL:MZF1:RELB:RELA:NFKB1:NFKB2
XX
P0	A	C	G	T
0	11953	8074	8507	11214
1	12038	7783	8379	11548
2	11146	8162	9571	10869
3	16429	5669	5559	9187
4	470	202	42662	216
5	229	121	42851	263
6	235	83	42910	802
7	2383	163	41362	1125
8	34022	1298	2382	1400
9	16076	614	626	19311
10	1204	3323	2236	31474
11	3988	25042	2520	6532
12	3600	29007	2680	2950
13	3467	27972	2308	3462
14	3479	28245	2411	3578
15	6680	5911	8116	17896
XX
//
ID	SRF:TBP
XX
P0	A	C	G	T
0	258	154	109	1173
1	119	181	1173	416
2	671	640	173	211
3	42	1852	38	3
4	10	1800	24	135
5	1258	13	25	82
6	61	7	12	1700
7	1291	9	8	6
8	107	10	12	1644
9	1277	3	29	18
10	528	13	23	1110
11	67	14	1970	11
12	19	48	1957	14
13	306	134	699	730
14	381	1052	174	116
15	957	92	127	292
XX
//
ID	PRDM4:ZIM3:ZBED2:IRF6:STAT2:IRF5:STAT1::STAT2:IRF1:IRF2:IRF7:IRF3:IRF4:IRF8:IRF9
XX
P0	A	C	G	T
0	34195	22938	22903	34232
1	34091	22894	22800	34485
2	33827	22997	22860	34587
3	31556	21882	23471	37362
4	26815	22679	17568	44148
5	63851	6851	51686	10424
6	6755	16318	87678	7387
7	5192	2167	2049	97930
8	4038	1419	2728	99746
9	2452	1389	3155	99480
10	401	113578	462	1194
11	10964	3975	78756	23810
12	2700	4824	99651	3217
13	1150	1309	816	104253
14	1958	1518	1485	102063
15	3666	3002	9529	90600
16	4576	98713	4544	8199
17	16967	34342	67187	13783
18	33540	15115	42552	37766
19	25905	17269	17227	48814
20	28717	21254	17759	45549
21	27161	26955	17745	39967
22	28873	32622	18549	35225
23	29726	27122	24964	30371
24	30894	25688	23967	31370
XX
//
ID	HOXA10:HOXB13:CDX2:HOXD9:HOXA13:HOXD13:CDX4:CDX1:HOXA9:HOXC10:HOXC13:HOXD11:HOXD12:HOXB9:HOXC12:HOXC9:HOXD10:HOXC11
XX
P0	A	C	G	T
0	82675	39678	43353	64171
1	67855	31939	72657	55511
2	33408	62054	136320	14908
3	5965	127796	1510	85192
4	137276	85771	2332	11940
5	171925	1859	53459	3789
6	1324	1016	1141	215566
7	203572	1587	2338	22042
8	214076	1149	1077	3177
9	213636	3132	1604	3593
10	188724	26151	17111	29672
11	60543	55570	28306	74576
12	71641	43474	42081	73132
13	70656	43713	42487	73472
XX
//
ID	NKX3-1:ZNF784
XX
P0	A	C	G	T
0	1770	2114	4419	557
1	1762	2213	2273	6548
2	6549	6	0	0
3	26	6548	0	70
4	72	4347	77	2201
5	207	229	96	6548
6	6548	35	43	22
7	45	6533	14	130
8	141	6533	559	160
9	686	563	4787	1752
10	1858	3507	1432	3032
XX
//
ID	GMEB2:SREBF1(MA0595.1):SREBF2(MA0596.1):FOSL1::JUND(MA1143.1):ATF1:CREB3L4(MA1475.1):FOSL1::JUN(MA1129.1):JUN::JUNB(MA1133.1):FOS::JUN(MA1126.1):CREM:CREB1:FOSB::JUNB(MA1136.1):FOSB::JUN:FOSL2::JUN(MA1131.1):FOSL2::JUND(MA1145.1):FOSL2::JUNB(MA1139.1):ATF2:JUN(MA0488.1):JUND(MA0492.1):BACH2(MA1470.1):FOS(MA1951.1):JUNB(MA1140.2):ATF7:JDP2(MA0656.1):ATF3(MA0605.2)
XX
P0	A	C	G	T
0	93431	62228	62299	93246
1	95076	59816	63329	92979
2	97452	58204	66689	88870
3	89981	64526	65317	90097
4	84823	49195	112751	61967
5	186385	22692	96690	13083
6	3455	3200	2318	299867
7	3723	4515	292357	14600
8	297969	2805	3694	4189
9	4179	154970	43717	107146
10	11180	6512	288811	2938
11	11616	10558	2074	284355
12	31880	273730	4950	3695
13	300286	2205	3290	2904
14	15269	80980	30591	190587
15	74982	97079	57368	79540
16	90319	63053	66941	89500
17	92006	63929	63011	92273
18	93357	62201	62186	93469
19	93328	62225	62207	93445
XX
//
ID	GFI1:GFI1B:NFYB:NFYA:NFYC
XX
P0	A	C	G	T
0	15865	12583	11409	17197
1	15908	11555	11590	18001
2	17767	9243	18513	11532
3	16262	8555	19559	12679
4	4189	36111	7962	8279
5	19989	35097	1053	934
6	55356	458	157	594
7	54390	705	919	532
8	533	614	291	55118
9	1048	47551	7233	727
10	48848	1838	4103	2455
11	5084	34288	16553	2965
12	17269	6153	13426	19692
13	10120	5483	33066	8685
14	8132	33393	5204	11548
15	24631	10499	9357	12052
XX
//
ID	BARX2:MYBL2:MYBL1:OVOL1:OVOL2
XX
P0	A	C	G	T
0	19133	13445	13717	16952
1	28613	9782	10286	20154
2	33349	2441	10887	18723
3	43389	3246	8988	22448
4	55102	5486	4483	9219
5	3251	47872	1573	11604
6	16124	59326	5632	3482
7	28443	56	40947	9
8	25	1434	69	59326
9	29	2068	9	59326
10	59326	421	655	4834
11	12676	20741	13375	27118
12	18105	15389	13679	18139
13	14834	22261	11370	26251
14	16407	14700	18260	17515
15	19882	13866	14250	20635
16	20506	13984	13613	21044
17	20318	14173	13536	20855
XX
//
ID	ZNF701:ZBTB7B:ZBTB7C:GLIS2:GLI2:GLI3:GLIS1:GLIS3:ZIC4:ZIC3:ZIC1:ZIC5:VEZF1:ZNF740:CTCF(MA1929.1):CTCF(MA0139.1):CTCF(MA1930.1):PLAGL2:INSM1:CTCFL
XX
P0	A	C	G	T
0	39104	27370	26273	39197
1	37929	28466	25899	39652
2	37737	24960	27315	41934
3	37031	26781	30797	37337
4	39055	30115	24916	37860
5	41786	25513	26366	38281
6	38598	25953	28021	39374
7	37720	25830	25983	42413
8	38368	26630	26621	40327
9	37999	29622	25703	38622
10	38271	29227	25687	38761
11	39373	27226	26431	38916
12	38722	27573	27160	38491
13	39085	27432	26337	39092
14	39304	26662	26490	39490
15	38671.8	26668.9	27962.4	38647
16	38519.5	27684	25600.6	40149
17	35015.8	20561.8	38978.5	38168
18	17948.6	101074	14260.3	9927.98
19	48418.3	18768.9	38575.9	27387.9
20	22798.6	80233.9	7439.98	26318.5
21	65155.3	50576	18905.8	16651.9
22	19734.5	15341.7	91857.5	5748.36
23	5276.45	77174	4993.26	47897.3
24	42010.5	3366.21	73415.9	2768.31
25	628.405	679.976	116637	4851.79
26	4706.88	729.976	114497	435.976
27	3067.88	2680.6	81490.6	36869.9
28	1207.55	1462.98	117557	2150.5
29	1257.12	1770.98	115593	2818.88
30	2170.55	40186.3	12339.4	79761.8
31	28809.5	89639.6	24366.8	5986.12
32	22022.2	37208.7	36466.8	35361.3
33	37546.8	28186.8	25591.5	39984.9
34	39711.1	26644.2	27694	37657.7
35	39490.4	26383.5	26585.8	39490.4
XX
//
ID	ZNF250:ZNF8:ZNF211
XX
P0	A	C	G	T
0	681	276	2303	582
1	608	573	283	2378
2	2362	379	662	439
3	460	321	176	2887
4	1301	150	2010	383
5	199	428	2128	1089
6	3384	144	184	132
7	123	422	86	3213
8	2748	97	853	146
9	59	40	43	3702
10	3595	9	215	25
11	19	3785	10	30
12	61	3701	21	61
13	3632	34	110	68
14	144	2561	122	1017
15	2923	162	568	191
16	608	625	841	1770
17	454	202	203	2985
18	397	310	682	2453
19	392	286	336	2828
20	1047	706	699	1390
21	1047	706	696	1393
22	1047	699	706	1390
23	1069	701	1024	1048
24	1233	702	845	1062
25	1047	706	696	1393
26	1056	708	719	1359
27	1389	703	700	1050
28	1047	1010	706	1079
XX
//
ID	ZBTB12:HSF4:HSF1:HSF2
XX
P0	A	C	G	T
0	3618	2099	2630	15597
1	1514	1438	1833	16599
2	263	19086	297	146
3	197	5616	3973	18940
4	16550	5074	8763	92
5	91	92	19187	132
6	19184	1003	161	944
7	19217	484	499	1880
8	1647	10316	3023	4492
9	5417	4668	5773	3618
10	2447	1838	1464	16040
11	1801	1124	1136	16139
12	1620	15662	1173	2011
XX
//
ID	ZNF16:ZNF324:ZNF708:ZNF329
XX
P0	A	C	G	T
0	1289.83	517.484	581.258	650.433
1	987.825	763.691	699.567	587.917
2	572.442	639.124	646.65	1180.78
3	1098.64	426.659	687.793	825.908
4	764.825	273.101	1627.2	376.876
5	301.009	204.184	1847.32	690.484
6	593.415	840.124	1329.93	279.535
7	2734.09	24.3687	167.793	116.751
8	68.235	42.8018	2861.9	70.0599
9	367.341	1144.69	1268.62	262.35
10	257.309	1871.67	27.977	886.041
11	2774.81	71.3687	102.369	94.4516
12	781.221	1130.41	278.525	852.843
13	1138.49	40.1521	1641.2	223.152
14	34.1521	31.3687	2956.33	21.1521
15	1399.91	1211.45	138.76	292.876
16	753.101	465.018	337.627	1487.25
17	434.834	228.76	2049.25	330.152
18	292.152	230.152	2338.54	182.152
19	660.585	642.475	249.152	1487.79
20	312.585	246.369	476.051	2004.99
21	616	995	506	923
22	671	755	464	1150
23	1129	536	564	808
24	804	537	888	808
XX
//
ID	FOXD3:FOXO1:FOXM1:FOXP3:FOXA1:FOXD1:FOXK1:FOXN3:FOXK2:FOXA3:FOXP1:FOXA2:FOXL1:FOXO4:FOXI1:FOXO3:FOXP2:FOXO6:FOXF2:FOXG1:FOXJ3:FOXQ1:FOXB1:FOXC1:FOXC2:FOXJ2:FOXD2:FOXE1
XX
P0	A	C	G	T
0	243472	163860	163001	242534
1	242895	164013	161499	244952
2	246202	153331	151943	259208
3	353795	121412	178617	165938
4	293008	52610	131520	343010
5	84382	13578	692540	23075
6	23578	26961	11167	757278
7	744696	46880	10104	15369
8	720695	47378	13698	25725
9	772777	8971	9763	15712
10	13042	643117	12063	141224
11	765356	10217	8822	23375
12	193060	115611	119132	386418
13	244683	158264	195835	218161
14	235214	162394	169258	246673
15	244132	162789	162731	243882
16	244074	162682	162703	244028
17	244025	162707	162690	244066
XX
//
ID	ZFP57:E2F8:E2F5:ZNF417:E2F2:E2F1:E2F4:E2F7:E2F3
XX
P0	A	C	G	T
0	19538.9	13149.9	13060	19377.2
1	19664.6	12946.3	13090	19425.1
2	20578.3	9726.85	16541	14909.9
3	21808.9	5655.02	6901.9	35857.2
4	19557.1	3811.92	3886.1	38143.9
5	15115.1	2534.22	4203.34	40996.4
6	6961.16	1943.1	10551.6	53543.2
7	1037.5	11614.5	55747.5	421.497
8	51.497	8894.5	50361.5	52.497
9	108.485	57688.6	742.497	127.389
10	170.497	42.497	58752.5	133.497
11	57.497	57986.5	407.497	229.485
12	5304.44	52014.6	8637.5	1165.47
13	50818.5	8361.47	2742.5	6114.5
14	49075.6	7052.85	3368.19	9486.34
15	50168	4114	3584	12622
16	40658	4839	3259	19131
17	15024	16257	8968	21506
XX
//
ID	ZFP14:TFDP1:E2F6:ZNF257:ZKSCAN5:ZNF684:ZBTB17:ZNF770:ZNF135:ZNF460:ZSCAN22:ZNF263:SP5:EWSR1-FLI1:ZNF467:ZNF610:ZNF148:MAZ:PATZ1:ZNF281:WT1
XX
P0	A	C	G	T
0	46319	30936	31035	46298
1	46423	30847	31079	46237
2	46319	30752	31453	46058
3	45927	30866	31259	46430
4	46347	31287	31269	45836
5	42986.6	33391.9	39731.7	38463.8
6	32124.3	37211.2	54868.5	30534
7	34951.4	25442	69001.6	25110
8	19198.9	11436.1	112254	11689.6
9	4684.75	4608.98	142533	2734.77
10	1651.15	2245.31	149229	1476.5
11	116485	32539.9	1072.31	4449.33
12	4111.7	2612.31	144904	2950.54
13	1521.3	6099.19	145462	1450.31
14	61585.8	11597.4	73644.8	7762.03
15	46691.5	23429.3	73518.9	11094.4
16	53409.6	29984.5	48403.5	22885.5
17	43317.5	31829.4	45930.1	33457
18	42344.7	31877	40485.5	39879.8
19	45414.2	30482.4	35139.7	43718.7
20	46490.5	31466.8	30725.9	45804.8
21	46604.3	30591	31697.7	45693
22	46096.5	30846.3	31506	46139.2
23	46145	30629.1	31914.3	45899.5
24	46593	30753	31130	46108
25	46228	30759	31524	46073
26	46318	30780	31405	46081
27	46533	30853	31058	46139
28	46267	30838	31113	46365
29	46279	31061	30927	46317
XX
//
ID	ZNF75D:RBPJ:ZNF282:NFATC1:NFATC2:NFATC3:NFATC4
XX
P0	A	C	G	T
0	5915	4006	4007	5908
1	5907	3969	3949	6021
2	5993	4206	3909	5878
3	5866	3911	4119	5865
4	5871	3911	3953	6106
5	5867	3913	4119	5866
6	5866	3909	3909	6141
7	6297	4010	3472	4695
8	11557.7	3223.54	6940.25	3041.54
9	568.079	4958.95	632.818	11832.2
10	92.3833	34.6767	17012.4	3.53533
11	64.6445	45.6767	16900.9	130.775
12	13650.7	294.666	4173.1	119.514
13	17170.7	41.818	245.677	46.818
14	17131.6	2120.52	609.644	1241.24
15	12419.8	10097.5	3549.86	2922.82
16	5467.61	3453.41	2539.88	5782.1
17	5703.95	4559.41	3951.74	5630.9
18	5817.06	4512.25	3708.67	5808.03
19	5657.95	3791.6	3962.81	6433.64
20	6073	3930	3980	5863
21	6019	4028	3963	5836
22	6029	3929	3938	5950
XX
//
ID	RXRA::VDR:NR1I2:PGR:AR:NR3C1:NR3C2
XX
P0	A	C	G	T
0	21366	10183	32573	18442
1	30725	346	44552	787
2	137	18	94703	118
3	33070	3329	10859	26527
4	59735	46	74	211
5	47	85993	113	27
6	62741	59	1925	994
7	11436	30906	8920	30020
8	30299	10681	16379	19718
9	37860	6251	25325	7217
10	3907	1742	443	74944
11	33	549	97179	11
12	2235	1302	801	76462
13	25340	13032	4544	32908
14	1665	74538	315	2459
15	4313	42723	3080	29823
16	18784	28670	13199	17383
XX
//
ID	NFE2L1:FOSL1::JUND(MA1142.1):MAFK:NFE2L2:MAF::NFE2:MAFG::NFE2L1:JUN::JUNB(MA1132.1):FOSB:FOSL1::JUNB:BNC2:JUNB(MA0490.2):JUND(MA0491.2):FOSL1:FOSL2::JUN(MA1130.1):FOS::JUND:BACH1:FOSB::JUNB(MA1135.1):FOS::JUNB:FOS(MA0476.1):JUN(MA0489.1):TRIM28:JDP2(MA0655.1):FOSL2:NFE2:BACH2(MA1101.2):FOSL2::JUNB(MA1138.1):FOSL2::JUND(MA1144.1):FOS::JUN(MA0099.3):FOSL1::JUN(MA1128.1):BATF3:BATF::JUN:BATF
XX
P0	A	C	G	T
0	177852	118347	118524	177573
1	181732	114698	119064	170562
2	198295	109519	113105	178393
3	208788	111461	117217	174618
4	151787	113427	144239	176613
5	131856	116571	205678	138834
6	370738	112035	92661	35106
7	5800	5137	3674	567359
8	6943	4380	539458	34034
9	560774	10888	2975	11686
10	22395	118123	419185	23290
11	4336	3991	5060	569218
12	23820	548299	4381	6208
13	570692	2686	4288	4232
14	32394	110779	76870	382532
15	136137	155514	158676	152903
16	165332	136633	126961	157142
17	168960	114186	108059	215321
18	178114	115081	111513	194304
19	169687	117904	114819	183648
XX
//
ID	PRDM14:ZBTB48
XX
P0	A	C	G	T
0	385	160	239	216
1	349	124	324	203
2	187	179	456	178
3	102	199	72	627
4	152	155	16	677
5	978	2	10	10
6	41	30	928	1
7	292	6	679	23
8	43	39	907	11
9	723	87	88	102
10	135	622	141	102
11	88	679	98	135
12	185	284	271	260
13	261	127	267	345
14	241	257	296	206
XX
//
ID	ZNF85:TEAD3:TEAD2:TEAD1:TEAD4
XX
P0	A	C	G	T
0	52333	34845	34886	52232
1	52332	34898	34836	52230
2	44377	46770	34742	48407
3	41606	53877	32826	45987
4	132752	3749	29498	6229
5	16206	146884	6244	2161
6	165437	1871	1531	2215
7	1507	1841	1689	166017
8	12237	1834	4291	153684
9	3117	161588	2397	3952
10	2026	165236	592	3204
11	141022	6717	11979	34692
12	33287	25148	85528	30333
13	40053	45956	54253	34034
14	50584	42167	37053	44490
15	52188	34856	34988	52264
XX
//
ID	HNF4A(MA0114.4):HNF4G:TCF7:TCF7L2:LEF1:TCF7L1
XX
P0	A	C	G	T
0	26150	16858	17304	24844
1	26537	16816	17333	24372
2	30413	14776	16278	23355
3	21489	20492	20906	22487
4	26040	11177	20337	27271
5	13829	20219	13186	37758
6	2554	76301	2712	3508
7	79879	1791	1580	1535
8	75070	2158	5513	2039
9	79823	783	2825	1367
10	1417	1521	80197	2071
11	6546	5162	10601	63114
12	9981	58023	7983	9244
13	8625	62757	4746	8838
14	56878	7936	8181	12039
15	24674	17997	22401	19960
16	27183	16849	20437	20563
XX
//
ID	CREB3L4(MA1474.1):XBP1:CREB3:CREB3L1:ATF6:HIF1A:ARNT::HIF1A:ARNT:EPAS1:TCFL5:HES5:CLOCK:HES6:MYC:MYCN:HEY2:HES1:HEY1:HES2:SOHLH2:MAX::MYC:MNT:MAX:BHLHE40:ARNT2:MLXIPL:HES7:TFEC:MLX:TFE3:BHLHE41:USF2:SREBF2(MA0828.2):MXI1:ARNTL:SREBF1(MA0829.2):TFEB:MITF:USF1
XX
P0	A	C	G	T
0	138350	95390	95350	139257
1	141008	93779	95070	137542
2	142193	90338	98560	136157
3	139547	83992	116369	131993
4	125901	72442	218340	61957
5	54528	79141	97175	233565
6	3204	428092	2235	2408
7	425408	2326	41226	13496
8	997	348584	10395	80574
9	25123	5314	412554	1007
10	4979	73951	2446	359237
11	6966	16498	414383	3250
12	258469	153969	52311	43981
13	99138	266525	59423	135782
14	108533	151830	71134	121716
15	136588	97430	91017	143252
16	137825	96098	95060	139364
17	139254	95346	95396	138351
XX
//
ID	RFX4:ZNF121:ZNF549:ZSCAN31:THAP1
XX
P0	A	C	G	T
0	5616	4007	3882	5729
1	4509	3831	5433	5003
2	4141	2555	9316	3787
3	5663	5702	4061	4904
4	5013	7158	2903	5098
5	2227	2038	12237	2179
6	1281	13595	1737	1934
7	13163	1585	1423	2702
8	962	437	16739	735
9	994	318	17266	226
10	391	289	17727	145
11	366	17827	290	194
12	16653	1229	431	302
13	5399	1585	13501	759
14	1106	7405	2081	7999
15	7286	1915	1942	8856
16	9781	2748	2958	3028
17	3240	2823	3816	9816
18	4645	2356	9374	3344
19	4826	8625	2313	4496
20	5861	3801	3975	5659
21	6067	3774	3796	5659
22	5654	3772	4220	5650
23	6063	3784	3796	5653
24	5657	4153	3781	5705
25	5659	4138	3784	5715
XX
//
ID	ZNF341:ZNF189:ZNF317:ZNF490
XX
P0	A	C	G	T
0	13855	9250	9239	14218
1	13905	9234	9559	13864
2	13986	9231	9400	13945
3	13858	9231	9629	13844
4	13842	9233	9239	14248
5	13848	9497	9230	13987
6	13841	9230	9228	14263
7	13843	9651	9228	13840
8	13841	9248	9226	14247
9	15326	9856	9966	11414
10	11756	7715	14717	12376
11	9150	4618	26321	6475
12	5108	3427	31074	6958
13	36621	3435	4766	1745
14	42266	823	1655	1823
15	1059	42225	2135	1148
16	43200	898	1200	1269
17	1248	822	43774	723
18	4167	39239	1229	1932
19	22041	13736	5666	5124
20	9727	7393	19614	9833
21	18858	9116	11695	6898
22	12494	11515	8271	14285
23	14412	8871	8423	14859
XX
//
ID	ZNF418:ZNF582
XX
P0	A	C	G	T
0	327	391	218	357
1	566.968	321.455	212.765	191.813
2	413.059	41.0321	374.626	464.283
3	74.1604	29.6845	922.428	266.727
4	662.31	151.246	105.118	374.326
5	341.717	7.68449	930.914	12.6845
6	68.508	8.68449	1182.73	33.0749
7	43.4225	1212.86	27.3797	9.3369
8	50.7701	236.283	20.6845	985.262
9	844.909	29.0749	371.898	47.1176
10	739.957	449.112	55.8128	48.1176
11	1279.64	2.3369	7.68449	3.3369
12	1171.08	8.3369	94.5508	19.0321
13	163.07	7.68449	1073.48	48.7701
14	10.6845	948.861	41.3369	292.118
15	1241.9	24.3797	5.3369	21.3797
16	572	204	211	306
17	344	361	257	331
18	512	218	233	330
19	369	224	374	326
20	498	234	236	325
XX
//
ID	MTF1:NRF1:ZSCAN4:KLF8
XX
P0	A	C	G	T
0	1896	1263	1267	1945
1	1898	1268	1273	1935
2	259	1960	917	3672
3	293	4	6354	75
4	1	6026	351	0
5	1635	0	4340	3
6	2	6363	2	0
7	5028	534	406	3
8	316	2709	1862	1587
9	915	845	4406	9
10	17	5929	231	208
11	8	74	4078	2333
12	50	3707	2259	822
13	2508	1094	1156	1753
14	2632	1216	937	1413
15	2676	937	939	1408
16	2407	1137	1302	1636
XX
//
ID	ZNF331:ZNF554:ZBTB6:ZNF454:ZNF667:ZNF682:ZNF449:ZFX:ZNF416:ZNF692
XX
P0	A	C	G	T
0	7584.05	5732.72	5194.26	7660.97
1	7891.74	5425.03	5194.26	7660.97
2	7584.05	5450.67	5322.46	7814.82
3	7814.82	5630.15	5117.33	7609.69
4	7968.67	5091.69	5553.23	7558.41
5	7593.33	5226.41	5791.64	7563.61
6	6799.61	5942.05	6604.36	6829.97
7	6459.61	5657.26	5836.51	8221.61
8	5914.41	5437.77	8595.41	6229.41
9	2782.41	6730.56	12818.1	3846.97
10	2064.4	7723.24	5846.79	10544.6
11	1867.05	913.979	2597.37	20800.6
12	289.568	525.568	25200.3	163.568
13	5163.65	359.568	20317.3	338.463
14	506.773	414.568	25036.1	221.568
15	285.2	25152.1	283.491	458.209
16	1134.57	15612.3	933.85	8498.32
17	2947.7	10757.9	4017.41	8455.98
18	6095.05	7498.79	6918.68	5661.47
19	6446.79	5118.79	7061.16	7542.26
20	7982.63	5798.42	4914.79	7476.16
21	8024.74	5793.32	5091.79	7262.16
22	7625	5331	5508	7708
23	7709	5186	5534	7743
24	7771	5194	5362	7845
25	7782	5196	5271	7923
26	7893	5187	5346	7746
27	7765	5461	5179	7767
28	7794	5211	5206	7961
XX
//
ID	THRB(MA1575.1):RORB:RORC:RARG(MA1553.1):RARB(MA1552.1):RXRB(MA1555.1):RXRG(MA1556.1):NR1H4:ZNF669:NR1H4::RXRA:NR4A2::RXRA:NR2F1(MA1538.1):NR2F6(MA1539.1)
XX
P0	A	C	G	T
0	9906	6554	7570	9733
1	8922	6548	5945	13007
2	9148	6572	10041	9126
3	13007	6281	6362	10683
4	8925	10041	5932	8896
5	8897	10041	5932	8904
6	8902	7088	6068	12962
7	9211	7357	6744	10453
8	12390	5800	6924	8651
9	10409	6600	6526	10231
10	9242	7112	6225	11183
11	14091	3496	11228	3901
12	23375	1103	9352	788
13	384	412	32051	705
14	408	80	32045	2027
15	2147	1161	1572	31495
16	363	31848	1229	1489
17	31638	243	2050	219
18	6610	8626	5440	12090
19	2484	6765	9337	15457
20	11131	2496	19688	2684
21	20724	10590	2090	2469
22	3275	26954	1778	2582
23	2857	22075	2087	7601
24	3263	9486	2588	18163
25	6549	9173	4735	13527
XX
//
ID	ZNF680:PRDM6:ZFP28
XX
P0	A	C	G	T
0	1910	1267	1266	2238
1	1913	1318	1536	1914
2	1965	425	3746	547
3	1975	1491	1214	2003
4	759	5036	242	646
5	1326	4691	190	476
6	5886	253	352	192
7	5100	66	1290	227
8	332	118	6192	41
9	6380	44	155	104
10	6009	19	508	147
11	528	68	5991	96
12	6555	50	49	29
13	4886	815	196	786
14	1039	401	261	4982
15	1993	923	1934	1833
16	4252	595	578	1258
17	2028	1249	1579	1825
18	2388	1232	1258	1803
19	2150	1278	1332	1921
XX
//
ID	ISL1:HOXA6:LHX1:MNX1:BSX:VENTX:BARX1:HOXB6:MEOX2:HOXC8:HOXA7:VAX1:LBX1:HOXA1:EVX1:EVX2:GSX1:NKX6-2:HOXB7:HOXB8:HOXD8:HOXB3:HOXA4:NKX6-1:GSX2:HOXC4:HOXB4:HOXD4:NKX6-3:POU6F2:POU6F1(MA1549.1):VAX2:ALX3:MIXL1:UNCX:DLX1:RAX2:SHOX:LBX2:EN2:HOXA5:HOXB2:HOXB5:POU6F1(MA0628.1):MEOX1:PDX1:EMX2:EMX1:HOXA2:HOXD3:LHX6:DLX3:PRRX1:DLX6:NOBOX:RAX:EN1:LHX2:MSX1:MSX2:HESX1:GBX1:GBX2:DLX5:LHX5:LHX9:PRRX2:ISX:TLX2:DRGX:ESX1:LHX3:ARGFX:LMX1A:LMX1B:VSX1:VSX2:PAX4:NOTO
XX
P0	A	C	G	T
0	233475	178543	209208	236243
1	135958	281795	172135	244326
2	29828	37432	11534	804996
3	804978	43489	44733	24416
4	805114	2519	3573	2697
5	8215	11293	12113	804585
6	28437	83409	169277	690965
7	560302	17014	316016	46281
8	178825	235444	321610	125765
9	227202	198020	173604	263492
10	262769	175090	174776	265225
11	262697	175578	175293	263950
12	263336	175556	175549	263361
XX
//
ID	FEZF1:ZNF350
XX
P0	A	C	G	T
0	303	161	281	255
1	171	483	133	213
2	285	38	126	551
3	37	88	758	117
4	50	456	130	364
5	46	504	54	396
6	55	630	40	275
7	158	100	16	726
8	4	76	33	887
9	13	19	18	950
10	47	114	66	773
11	346	261	138	255
12	266	118	138	478
13	272	132	317	279
14	389	191	143	277
15	174	441	153	232
16	170	435	128	267
17	311	198	155	336
18	364	166	221	249
XX
//
ID	ZNF146:ZNF260:ZNF394:ZNF502
XX
P0	A	C	G	T
0	188	118	109	985
1	167	121	128	984
2	164	113	129	994
3	307	130	166	797
4	195	509	174	522
5	964	133	121	182
6	184	252	121	843
7	223	120	815	240
8	341	132	873	55
9	30	785	18	568
10	36	72	27	1266
11	93	374	825	109
12	273	879	13	236
13	991	44	217	149
14	59	37	103	1202
15	897	22	62	420
16	262	415	639	85
17	78	176	179	968
18	1158	77	39	127
19	46	126	102	1127
20	35	11	77	1278
21	17	1217	80	87
22	66	1180	1	154
23	1070	94	85	152
24	304	296	193	606
25	314	188	188	709
26	278	471	235	415
27	371	309	298	419
XX
//
ID	PBX1:MEIS1(MA1639.1):MEIS2(MA1640.1):PBX2:HNF1A(MA0046.2):HNF1B:POU4F1:POU4F2:POU4F3
XX
P0	A	C	G	T
0	36679	23142	25029	34227
1	33078	26921	30433	29290
2	32307	31081	17891	39732
3	29402	56096	14888	22575
4	81505	2802	28008	4118
5	1282	4281	3011	109133
6	50904	16825	4334	58388
7	106910	1657	1635	3717
8	106947	4012	1714	4470
9	5566	2110	1005	107579
10	15488	61273	14931	22341
11	101146	2643	2156	9992
12	14328	12675	9355	78372
13	15022	13994	17041	67287
14	62671	26072	16167	26775
15	72388	13914	15629	18226
16	22291	59015	15138	24969
17	34990	24105	22953	35493
XX
//
ID	STAT6:ZNF343:ZNF528:ZNF436:BCL11A:SPIC:ERF::HOXB13:ETV5::HOXA2:ETV5::DRGX:ETV2::DRGX:FLI1::DRGX:ELK1::SREBF2:ERF::SREBF2:ETV2::HOXB13:ELF5:ZBTB7A:ETV6:ETV7:ETV3:ELK1::HOXB13:HOXD12::ELK1:ELK1::HOXA1:HOXB2::ELK1:ERF:SPDEF:ELF4:ELF2:ERG:ETV4:ETS1:ELK4:FEV:ELK3:ELK1:ETV5:ETS2:FLI1:ETV2:FOXJ2::ELF1:ERF::FOXI1:ETV5::FOXO1:ERF::FOXO1:ETV5::FOXI1:FOXO1::ELF1:ETV2::FOXI1:FLI1::FOXI1:FOXO1::ELK1:FOXO1::ELK3:FOXO1::FLI1:IKZF1:SPI1:SPIB:ELF3:EHF:ELF1:ETV1:GABPA
XX
P0	A	C	G	T
0	234307	166952	166758	240389
1	233191	150401	180391	248177
2	250156	146829	196546	216705
3	244833	191256	171101	208900
4	300378	171523	153503	168803
5	372741	118587	198436	170688
6	470395	147745	131515	109000
7	69422	503070	233051	23887
8	374804	341842	73316	11893
9	12888	4063	723476	38530
10	8311	4270	749946	6872
11	750381	7388	6432	4750
12	725654	8357	7398	49754
13	119316	36616	657295	7839
14	47344	138535	37968	596695
15	188748	103173	439992	103299
16	282054	145794	218524	161075
17	253615	165184	181908	212329
18	272685	148908	165757	226244
19	254125	159254	167207	232402
20	250609	160981	163230	237483
21	244519	161862	162111	241882
22	243137	162188	162482	243344
23	243577	162200	162181	243241
XX
//
ID	SMAD4:ZSCAN29:ZKSCAN3:SMAD3:SMAD5:ZNF768:ZNF574:ZBTB26:SMAD2
XX
P0	A	C	G	T
0	5327.93	3818.93	3627.34	5729.8
1	5426.07	3851.64	3683.41	5542.89
2	5458.78	3734.81	3875	5435.41
3	5337.28	4122.66	3692.76	5351.3
4	5351.3	3753.51	3664.72	5734.48
5	5111.34	3965.87	3997.02	5429.76
6	5421.87	3657.28	4357.6	5068.24
7	5129.17	3871.33	4457.83	5046.68
8	4949.84	4935.35	3559.82	5059.98
9	4393.11	5568.8	3845.81	4700.28
10	3577.5	2845.1	3008.04	12257.4
11	223.055	2123.73	13990.7	1267.48
12	393.728	90.8198	1014.2	17048.2
13	63.0547	17348.9	100.947	64.0547
14	47.0547	420.055	754.401	17019.5
15	10586.7	954.15	6766.51	85.6079
16	434.429	1164.98	15226.4	789.169
17	11587.3	3130.08	2598.97	1272.69
18	2316.75	11458.9	2198.71	1638.63
19	6553.19	2721.59	6175.66	3796.56
20	5208	3800	4354	5145
21	5334	3773	3885	5515
22	5510	3675	3807	5512
23	5556	3751	3696	5501
24	5559	3729	3680	5536
25	5549	3744	3684	5527
XX
//
ID	ARID5B:ZNF354C:FOXH1
XX
P0	A	C	G	T
0	2470	1647	1650	2472
1	2469	1649	1651	2470
2	1077	7	6	7150
3	0	3	8231	8
4	5	1	5	8231
5	3	1	6823	1415
6	64	0	5789	2389
7	8235	0	4	3
8	435	234	6	7567
9	4	4	4	8228
10	827	3163	3272	978
11	2169	2141	2340	1590
12	2950	1495	2849	946
XX
//
